car speed(m/s),Yaw Angle (degree),LB Position X,LB Position Z,LB speed,LF Position X,LF Position Z,LF speed,B Position X,B Position Z,B speed,F Position X,F Position Z,F speed,RB Position X,RB Position Z,RB speed,RF Position X,RF Position Z,RF speed,LC
17.002,3.14,0,0,0,0,0,0,0,0,0,-0.17,-50.07,15.985,0,0,0,0,0,0,0
17.249,3.14,0,0,0,0,0,0,0,0,0,-0.17,-49.96,16.009,0,0,0,0,0,0,0
17.496,3.14,0,0,0,0,0,0,0,0,0,-0.17,-49.82,16.033,0,0,0,0,0,0,0
17.744,3.14,0,0,0,0,0,0,0,0,0,-0.17,-49.66,16.055,0,0,0,0,0,0,0
18.093,3.14,0,0,0,0,0,0,0,0,0,-0.17,-49.48,16.076,0,0,0,0,0,0,0
18.323,3.14,0,0,0,0,0,0,0,0,0,-0.17,-49.26,16.097,0,0,0,0,0,0,0
18.143,3.14,0,0,0,0,0,0,0,0,0,-0.17,-49.05,16.117,0,0,0,0,0,0,0
18.524,3.14,0,0,0,0,0,0,0,0,0,-0.17,-48.83,16.137,0,0,0,0,0,0,0
18.652,3.14,0,0,0,0,0,0,0,0,0,-0.16,-48.58,16.157,0,0,0,0,0,0,0
18.771,3.14,0,0,0,0,0,0,0,0,0,-0.16,-48.33,16.173,0,0,0,0,0,0,0
18.945,3.14,0,0,0,0,0,0,0,0,0,-0.16,-48.06,16.191,0,0,0,0,0,0,0
19.12,3.14,0,0,0,0,0,0,0,0,0,-0.15,-47.78,16.208,0,0,0,0,0,0,0
19.295,3.14,0,0,0,0,0,0,0,0,0,-0.15,-47.48,16.224,0,0,0,0,0,0,0
19.47,3.14,0,0,0,0,0,0,0,0,0,-0.14,-47.16,16.24,0,0,0,0,0,0,0
19.646,3.14,0,0,0,0,0,0,0,0,0,-0.14,-46.83,16.255,0,0,0,0,0,0,0
19.926,3.14,0,0,0,0,0,0,0,0,0,-0.13,-46.48,16.268,0,0,0,0,0,0,0
20.116,3.14,0,0,0,0,0,0,0,0,0,-0.12,-46.11,16.282,0,0,0,0,0,0,0
20.252,3.14,0,0,0,0,0,0,0,0,0,-0.12,-45.72,16.295,0,0,0,0,0,0,0
20.38,3.14,0,0,0,0,0,0,0,0,0,-0.11,-45.32,16.308,0,0,0,0,0,0,0
20.506,3.14,0,0,0,0,0,0,0,0,0,-0.1,-44.9,16.32,0,0,0,0,0,0,0
20.633,3.14,0,0,0,0,0,0,0,0,0,-0.1,-44.48,16.331,0,0,0,0,0,0,0
20.758,3.14,0,0,0,0,0,0,0,0,0,-0.09,-44.04,16.341,0,0,0,0,0,0,0
20.884,3.15,0,0,0,0,0,0,0,0,0,-0.08,-43.59,16.353,0,0,0,0,0,0,0
21.009,3.15,0,0,0,0,0,0,0,0,0,-0.08,-43.13,16.364,0,0,0,0,0,0,0
21.134,3.15,0,0,0,0,0,0,0,0,0,-0.07,-42.66,16.375,0,0,0,0,0,0,0
21.259,3.15,0,0,0,0,0,0,0,0,0,-0.06,-42.18,16.385,0,0,0,0,0,0,0
21.383,3.15,0,0,0,0,0,0,0,0,0,-0.05,-41.69,16.393,0,0,0,0,0,0,0
21.552,3.15,0,0,0,0,0,0,0,0,0,-0.04,-41.19,16.401,0,0,0,0,0,0,0
21.69,3.15,0,0,0,0,0,0,0,0,0,-0.04,-40.67,16.409,0,0,0,0,0,0,0
21.794,3.15,0,0,0,0,0,0,0,0,0,-0.03,-40.13,16.417,0,0,0,0,0,0,0
21.887,3.15,0,0,0,0,0,0,0,0,0,-0.02,-39.59,16.425,0,0,0,0,0,0,0
21.975,3.15,0,0,0,0,0,0,0,0,0,-0.01,-39.04,16.433,0,0,0,0,0,0,0
22.056,3.15,0,0,0,0,0,0,0,0,0,0,-38.47,16.44,0,0,0,0,0,0,0
22.113,3.15,0,0,0,0,0,0,0,0,0,0.01,-37.91,16.448,0,0,0,0,0,0,0
22.148,3.15,0,0,0,0,0,0,0,0,0,0.02,-37.33,16.455,0,0,0,0,0,0,0
22.162,3.15,0,0,0,0,0,0,0,0,0,0.03,-36.77,16.463,0,0,0,0,0,0,0
22.152,3.15,0,0,0,0,0,0,0,0,0,0.04,-36.2,16.47,0,0,0,0,0,0,0
22.13,3.15,0,0,0,0,0,0,0,0,0,0.05,-35.64,16.477,0,0,0,0,0,0,0
22.104,3.15,0,0,0,0,0,0,0,0,0,0.06,-35.08,16.485,0,0,0,0,0,0,0
22.079,3.15,0,0,0,0,0,0,0,0,0,0.07,-34.52,16.492,0,0,0,0,0,0,0
22.052,3.15,0,0,0,0,0,0,0,0,0,0.08,-33.96,16.499,0,0,0,0,0,0,0
22.026,3.14,0,0,0,0,0,0,0,0,0,0.08,-33.41,16.506,0,0,0,0,0,0,0
21.999,3.14,0,0,0,0,0,0,0,0,0,0.08,-32.86,16.513,0,0,0,0,0,0,0
21.971,3.14,0,0,0,0,0,0,0,0,0,0.07,-32.31,16.519,0,0,0,0,0,0,0
21.944,3.14,0,0,0,0,0,0,0,0,0,0.07,-31.77,16.526,0,0,0,0,0,0,0
21.916,3.14,0,0,0,0,0,0,0,0,0,0.06,-31.22,16.533,0,0,0,0,0,0,0
21.888,3.14,0,0,0,0,0,0,0,0,0,0.04,-30.68,16.539,0,0,0,0,0,0,0
21.861,3.14,0,0,0,0,0,0,0,0,0,0.03,-30.15,16.546,0,0,0,0,0,0,0
21.833,3.13,0,0,0,0,0,0,0,0,0,0.01,-29.61,16.552,0,0,0,0,0,0,0
21.806,3.13,0,0,0,0,0,0,0,0,0,0,-29.09,16.559,0,0,0,0,0,0,0
21.778,3.13,0,0,0,0,0,0,0,0,0,-0.02,-28.57,16.565,0,0,0,0,0,0,0
21.751,3.13,0,0,0,0,0,0,0,0,0,-0.03,-28.05,16.571,0,0,0,0,0,0,0
21.724,3.13,0,0,0,0,0,0,0,0,0,-0.05,-27.54,16.577,0,0,0,0,0,0,0
21.696,3.13,0,0,0,0,0,0,0,0,0,-0.06,-27.03,16.583,0,0,0,0,0,0,0
21.669,3.13,0,0,0,0,0,0,0,0,0,-0.08,-26.52,16.589,0,0,0,0,0,0,0
21.642,3.13,0,0,0,0,0,0,0,0,0,-0.09,-26.02,16.595,0,0,0,0,0,0,0
21.615,3.13,0,0,0,0,0,0,0,0,0,-0.11,-25.51,16.601,0,0,0,0,0,0,0
21.587,3.13,0,0,0,0,0,0,0,0,0,-0.12,-25.01,16.607,0,0,0,0,0,0,0
21.56,3.13,0,0,0,0,0,0,0,0,0,-0.14,-24.52,16.612,0,0,0,0,0,0,0
21.533,3.13,0,0,0,0,0,0,0,0,0,-0.16,-24.02,16.618,0,0,0,0,0,0,0
21.506,3.13,0,0,0,0,0,0,0,0,0,-0.17,-23.53,16.624,0,0,0,3.13,-85.17,17.959,0
21.479,3.13,0,0,0,0,0,0,0,0,0,-0.19,-23.04,16.629,0,0,0,3.05,-84.81,17.959,0
21.453,3.13,0,0,0,0,0,0,0,0,0,-0.2,-22.55,16.635,0,0,0,3.01,-84.46,17.959,0
21.426,3.13,0,0,0,0,0,0,0,0,0,-0.22,-22.07,16.64,0,0,0,3,-84.12,17.96,0
21.399,3.13,0,0,0,0,0,0,0,0,0,-0.23,-21.59,16.645,0,0,0,2.98,-83.77,17.96,5
21.372,3.13,0,0,0,0,0,0,0,0,0,-0.25,-21.11,16.651,0,0,0,2.96,-83.43,17.96,5
21.345,3.13,0,0,0,0,0,0,0,0,0,-0.26,-20.65,16.656,0,0,0,2.95,-83.09,17.961,5
21.319,3.13,0,0,0,0,0,0,0,0,0,-0.28,-20.18,16.661,0,0,0,2.94,-82.75,17.961,5
21.292,3.13,0,0,0,0,0,0,0,0,0,-0.29,-19.72,16.666,0,0,0,2.92,-82.42,17.961,5
21.264,3.13,0,0,0,0,0,0,0,0,0,-0.32,-19.27,16.663,0,0,0,2.89,-82.09,17.962,5
21.235,3.12,0,0,0,0,0,0,0,0,0,-0.37,-18.81,16.65,0,0,0,2.85,-81.76,17.962,5
21.207,3.11,0,0,0,0,0,0,0,0,0,-0.44,-18.35,16.643,0,0,0,2.78,-81.44,17.962,5
21.179,3.1,0,0,0,0,0,0,0,0,0,-0.53,-17.9,16.636,0,0,0,2.68,-81.12,17.963,5
21.15,3.09,0,0,0,0,0,0,0,0,0,-0.66,-17.45,16.63,0,0,0,2.56,-80.81,17.963,5
21.122,3.07,0,0,0,0,0,0,0,0,0,-0.81,-17,16.623,0,0,0,2.41,-80.5,17.963,5
21.094,3.06,0,0,0,0,0,0,0,0,0,-0.98,-16.56,16.618,0,0,0,2.23,-80.2,17.963,5
21.067,3.05,0,0,0,0,0,0,0,0,0,-1.17,-16.12,16.612,0,0,0,2.04,-79.89,17.964,5
21.039,3.05,0,0,0,0,0,0,0,0,0,-1.37,-15.69,16.607,0,0,0,1.85,-79.59,17.964,5
21.012,3.04,0,0,0,0,0,0,0,0,0,-1.57,-15.25,16.603,0,0,0,1.65,-79.3,17.964,5
20.984,3.04,0,0,0,0,0,0,0,0,0,-1.77,-14.82,16.598,0,0,0,1.44,-79.01,17.964,5
20.956,3.04,0,0,0,-1.97,-14.4,16.595,0,0,0,1.24,-78.72,17.965,0,0,0,0,0,0,5
20.928,3.05,0,0,0,-2.16,-13.97,16.592,0,0,0,1.05,-78.43,17.965,0,0,0,0,0,0,5
20.9,3.05,0,0,0,-2.34,-13.55,16.59,0,0,0,0.88,-78.14,17.965,0,0,0,0,0,0,5
20.872,3.06,0,0,0,-2.49,-13.13,16.588,0,0,0,0.72,-77.86,17.965,0,0,0,0,0,0,5
20.845,3.07,0,0,0,-2.63,-12.71,16.587,0,0,0,0.59,-77.57,17.966,0,0,0,0,0,0,5
20.818,3.08,0,0,0,-2.75,-12.29,16.586,0,0,0,0.46,-77.29,17.966,0,0,0,0,0,0,5
20.791,3.09,0,0,0,-2.87,-11.87,16.586,0,0,0,0.35,-77.01,17.966,0,0,0,0,0,0,5
20.765,3.09,0,0,0,-2.98,-11.46,16.587,0,0,0,0.24,-76.73,17.966,0,0,0,0,0,0,5
20.738,3.09,0,0,0,-3.08,-11.04,16.587,0,0,0,0.14,-76.46,17.966,0,0,0,0,0,0,5
20.712,3.1,0,0,0,-3.17,-10.63,16.587,0,0,0,0.05,-76.18,17.967,0,0,0,0,0,0,5
20.685,3.1,0,0,0,-3.25,-10.22,16.587,0,0,0,-0.03,-75.91,17.967,0,0,0,0,0,0,5
20.659,3.11,0,0,0,-3.32,-9.82,16.587,0,0,0,-0.1,-75.64,17.967,0,0,0,0,0,0,5
20.632,3.11,0,0,0,-3.37,-9.42,16.587,0,0,0,-0.16,-75.38,17.967,0,0,0,0,0,0,5
20.605,3.12,0,0,0,-3.41,-9.02,16.588,0,0,0,-0.19,-75.11,17.968,0,0,0,0,0,0,5
20.579,3.13,0,0,0,-3.43,-8.62,16.588,0,0,0,-0.21,-74.85,17.968,0,0,0,0,0,0,5
20.554,3.14,0,0,0,-3.43,-8.22,16.588,0,0,0,-0.21,-74.59,17.968,0,0,0,0,0,0,0
20.528,3.14,0,0,0,-3.42,-7.83,16.588,0,0,0,-0.2,-74.33,17.968,0,0,0,0,0,0,0
20.503,3.15,0,0,0,-3.41,-7.44,16.588,0,0,0,-0.18,-74.08,17.968,0,0,0,0,0,0,0
20.501,3.15,0,0,0,-3.39,-7.05,16.588,0,0,0,-0.16,-73.83,17.969,0,0,0,0,0,0,0
20.562,3.15,0,0,0,-3.37,-6.66,16.589,0,0,0,-0.13,-73.57,17.969,0,0,0,0,0,0,0
20.644,3.15,0,0,0,-3.35,-6.25,16.589,0,0,0,-0.11,-73.31,17.969,0,0,0,0,0,0,0
20.731,3.15,0,0,0,-3.33,-5.85,16.589,0,0,0,-0.08,-73.04,17.969,0,0,0,0,0,0,0
20.82,3.15,0,0,0,-3.31,-5.43,16.589,0,0,0,-0.06,-72.76,17.969,0,0,0,0,0,0,0
20.909,3.15,0,0,0,-3.29,-5,16.589,0,0,0,-0.04,-72.47,17.969,0,0,0,0,0,0,0
20.999,3.15,0,0,0,-3.28,-4.57,16.589,0,0,0,-0.01,-72.17,17.97,0,0,0,0,0,0,0
21.088,3.15,0,0,0,-3.26,-4.12,16.589,0,0,0,0.01,-71.86,17.97,0,0,0,0,0,0,0
21.177,3.15,0,0,0,-3.24,-3.67,16.59,0,0,0,0.03,-71.54,17.97,0,0,0,0,0,0,0
21.266,3.15,0,0,0,-3.22,-3.21,16.59,0,0,0,0.06,-71.22,17.97,0,0,0,0,0,0,0
21.354,3.15,0,0,0,-3.2,-2.74,16.59,0,0,0,0.08,-70.88,17.97,0,0,0,0,0,0,0
21.442,3.15,0,0,0,-3.18,-2.26,16.59,0,0,0,0.1,-70.54,17.971,0,0,0,0,0,0,0
21.53,3.15,0,0,0,-3.16,-1.77,16.59,0,0,0,0.13,-70.19,17.971,0,0,0,0,0,0,0
21.618,3.15,0,0,0,-3.14,-1.27,16.59,0,0,0,0.15,-69.83,17.971,0,0,0,0,0,0,0
21.705,3.15,0,0,0,-3.12,-0.77,16.59,0,0,0,0.18,-69.46,17.971,0,0,0,0,0,0,0
21.792,3.15,0,0,0,-3.1,-0.25,16.59,0,0,0,0.2,-69.08,17.971,0,0,0,0,0,0,0
21.878,3.15,-3.09,1699.82,16.591,0,0,0,0,0,0,0.22,-68.7,17.971,0,0,0,0,0,0,0
21.965,3.15,-3.07,1698.17,16.591,0,0,0,0,0,0,0.24,-68.3,17.971,0,0,0,0,0,0,0
22.051,3.15,-3.06,1696.53,16.591,0,0,0,0,0,0,0.26,-67.9,17.972,0,0,0,0,0,0,0
22.136,3.15,-3.04,1694.88,16.591,0,0,0,0,0,0,0.27,-67.48,17.972,0,0,0,0,0,0,0
22.222,3.15,-3.03,1693.23,16.591,0,0,0,0,0,0,0.28,-67.06,17.972,0,0,0,0,0,0,0
22.307,3.15,-3.02,1691.58,16.591,0,0,0,0,0,0,0.29,-66.63,17.972,0,0,0,0,0,0,0
22.392,3.15,-3.01,1689.93,16.591,0,0,0,0,0,0,0.3,-66.2,17.972,0,0,0,0,0,0,0
22.476,3.15,-3,1688.28,16.591,0,0,0,0,0,0,0.31,-65.75,17.972,0,0,0,0,0,0,0
22.553,3.15,-3,1686.63,16.591,0,0,0,0,0,0,0.32,-65.29,17.973,0,0,0,0,0,0,0
22.615,3.15,-2.99,1684.98,16.591,0,0,0,0,0,0,0.33,-64.83,17.973,0,0,0,0,0,0,0
22.654,3.14,-2.98,1683.32,16.591,0,0,0,0,0,0,0.34,-64.37,17.973,0,0,0,0,0,0,0
22.656,3.14,-2.97,1681.67,16.592,0,0,0,0,0,0,0.34,-63.9,17.973,0,0,0,0,0,0,0
22.635,3.14,-2.97,1680.02,16.592,0,0,0,0,0,0,0.35,-63.43,17.973,0,0,0,0,0,0,0
22.609,3.14,-2.96,1678.36,16.592,0,0,0,0,0,0,0.35,-62.96,17.973,0,0,0,0,0,0,0
22.583,3.14,-2.96,1676.7,16.592,0,0,0,0,0,0,0.35,-62.5,17.974,0,0,0,0,0,0,0
22.556,3.14,-2.96,1675.04,16.592,0,0,0,0,0,0,0.35,-62.04,17.974,0,0,0,0,0,0,0
22.529,3.14,-2.97,1673.38,16.592,0,0,0,0,0,0,0.35,-61.58,17.974,0,0,0,0,0,0,0
22.501,3.14,-2.97,1671.71,16.592,0,0,0,0,0,0,0.35,-61.13,17.974,0,0,0,0,0,0,0
22.472,3.14,-2.97,1670.05,16.592,0,0,0,0,0,0,0.34,-60.68,17.974,0,0,0,0,0,0,0
22.444,3.14,-2.98,1668.39,16.592,0,0,0,0,0,0,0.34,-60.23,17.974,0,0,0,0,0,0,0
22.416,3.14,-2.98,1666.72,16.592,0,0,0,0,0,0,0.33,-59.78,17.975,0,0,0,0,0,0,0
22.387,3.14,-2.99,1665.06,16.592,0,0,0,0,0,0,0.33,-59.34,17.975,0,0,0,0,0,0,0
22.359,3.14,-2.99,1663.39,16.592,0,0,0,0,0,0,0.32,-58.9,17.975,0,0,0,0,0,0,0
22.331,3.14,-3,1661.73,16.592,0,0,0,0,0,0,0.32,-58.46,17.975,0,0,0,0,0,0,0
22.302,3.14,-3,1660.06,16.592,0,0,0,0,0,0,0.31,-58.03,17.975,0,0,0,0,0,0,0
22.274,3.14,-3.01,1658.4,16.593,0,0,0,0,0,0,0.31,-57.59,17.975,0,0,0,0,0,0,0
22.246,3.14,-3.01,1656.73,16.593,0,0,0,0,0,0,0.3,-57.17,17.975,0,0,0,0,0,0,0
22.218,3.14,-3.02,1655.07,16.593,0,0,0,0,0,0,0.3,-56.74,17.976,0,0,0,0,0,0,0
22.189,3.14,-3.02,1653.4,16.593,0,0,0,0,0,0,0.29,-56.32,17.976,0,0,0,0,0,0,0
22.161,3.14,-3.03,1651.73,16.593,0,0,0,0,0,0,0.29,-55.9,17.976,0,0,0,0,0,0,0
22.133,3.14,-3.03,1650.07,16.593,0,0,0,0,0,0,0.28,-55.48,17.976,0,0,0,0,0,0,0
22.106,3.14,-3.04,1648.4,16.593,0,0,0,0,0,0,0.28,-55.06,17.976,0,0,0,0,0,0,0
22.078,3.14,-3.04,1646.74,16.593,0,0,0,0,0,0,0.27,-54.65,17.976,0,0,0,0,0,0,0
22.051,3.14,-3.05,1645.07,16.593,0,0,0,0,0,0,0.27,-54.24,17.976,0,0,0,0,0,0,0
22.025,3.14,-3.05,1643.41,16.593,0,0,0,0,0,0,0.26,-53.83,17.976,0,0,0,0,0,0,0
22,3.14,-3.05,1641.74,16.593,0,0,0,0,0,0,0.26,-53.43,17.977,0,0,0,0,0,0,0
21.98,3.14,-3.05,1640.08,16.593,0,0,0,0,0,0,0.25,-53.03,17.977,0,0,0,0,0,0,0
21.968,3.14,-3.05,1638.41,16.593,0,0,0,0,0,0,0.25,-52.63,17.977,0,0,0,0,0,0,0
21.963,3.14,-3.05,1636.75,16.593,0,0,0,0,0,0,0.24,-52.23,17.977,0,0,0,0,0,0,0
21.966,3.14,-3.05,1635.08,16.593,0,0,0,0,0,0,0.24,-51.83,17.977,0,0,0,0,0,0,0
21.978,3.14,-3.05,1633.42,16.593,0,0,0,0,0,0,0.23,-51.43,17.977,0,0,0,0,0,0,0
21.997,3.14,-3.05,1631.75,16.593,0,0,0,0,0,0,0.23,-51.03,17.977,0,0,0,0,0,0,0
22.023,3.14,-3.05,1630.09,16.593,-2.98,-99.18,12.679,0,0,0,0.22,-50.62,17.978,0,0,0,0,0,0,0
22.053,3.14,-3.05,1628.43,16.593,-2.97,-98.25,12.672,0,0,0,0.22,-50.21,17.978,0,0,0,0,0,0,0
22.088,3.14,-3.05,1626.76,16.593,-2.97,-97.31,12.664,0,0,0,0.22,-49.8,17.978,0,0,0,0,0,0,0
22.126,3.14,-3.04,1625.1,16.593,-2.97,-96.37,12.656,0,0,0,0.22,-49.39,17.978,0,0,0,0,0,0,0
22.164,3.14,-3.04,1623.44,16.593,-2.97,-95.43,12.648,0,0,0,0.21,-48.97,17.978,0,0,0,0,0,0,0
22.203,3.14,-3.04,1621.78,16.593,-2.96,-94.47,12.64,0,0,0,0.21,-48.55,17.978,0,0,0,0,0,0,0
22.242,3.14,-3.03,1620.12,16.593,-2.96,-93.51,12.633,0,0,0,0.21,-48.13,17.978,0,0,0,0,0,0,0
22.282,3.14,-3.03,1618.45,16.593,-2.96,-92.54,12.625,0,0,0,0.21,-47.7,17.978,0,0,0,0,0,0,0
22.321,3.14,-3.02,1616.79,16.593,-2.95,-91.57,12.617,0,0,0,0.21,-47.26,17.978,0,0,0,0,0,0,0
22.359,3.14,-3.02,1615.13,16.593,-2.95,-90.6,12.609,0,0,0,0.21,-46.83,17.979,0,0,0,0,0,0,0
22.397,3.14,-3.02,1613.47,16.593,-2.94,-89.62,12.602,0,0,0,0.21,-46.39,17.979,0,0,0,0,0,0,0
22.433,3.14,-3.01,1611.81,16.594,-2.94,-88.64,12.594,0,0,0,0.21,-45.94,17.979,0,0,0,0,0,0,0
22.465,3.14,-3.01,1610.15,16.594,-2.93,-87.65,12.586,0,0,0,0.21,-45.49,17.979,0,0,0,0,0,0,0
22.491,3.14,-3.01,1608.49,16.594,-2.93,-86.66,12.579,0,0,0,0.21,-45.04,17.979,0,0,0,0,0,0,0
22.509,3.14,-3.01,1606.83,16.594,-2.92,-85.67,12.571,0,0,0,0.21,-44.59,17.979,0,0,0,0,0,0,0
22.515,3.14,-3.01,1605.17,16.594,-2.92,-84.68,12.563,0,0,0,0.21,-44.13,17.979,0,0,0,0,0,0,0
22.51,3.14,-3.01,1603.51,16.594,-2.91,-83.69,12.555,0,0,0,0.21,-43.68,17.979,0,0,0,0,0,0,0
22.494,3.14,-3.01,1601.85,16.594,-2.91,-82.7,12.548,0,0,0,0.21,-43.23,17.979,0,0,0,0,0,0,0
22.471,3.14,-3.01,1600.19,16.594,-2.91,-81.7,12.54,0,0,0,0.21,-42.77,17.98,0,0,0,0,0,0,0
22.445,3.14,-3.01,1598.53,16.594,-2.91,-80.71,12.465,0,0,0,0.21,-42.33,17.98,0,0,0,0,0,0,0
22.419,3.14,-3.01,1596.87,16.594,-2.91,-79.7,12.432,0,0,0,0.21,-41.88,17.98,0,0,0,0,0,0,0
22.392,3.14,-3.01,1595.21,16.594,-2.91,-78.7,12.435,0,0,0,0.21,-41.44,17.98,0,0,0,3.43,-99.46,13.88,0
22.364,3.14,-3.01,1593.55,16.594,-2.91,-77.71,12.445,0,0,0,0.21,-41,17.98,0,0,0,3.43,-98.61,13.883,0
22.337,3.14,-3.01,1591.89,16.594,-2.91,-76.71,12.455,0,0,0,0.21,-40.56,17.98,0,0,0,3.43,-97.76,13.887,0
22.309,3.14,-3.01,1590.23,16.594,-2.91,-75.73,12.465,0,0,0,0.21,-40.12,17.98,0,0,0,3.43,-96.92,13.886,0
22.281,3.14,-3.01,1588.57,16.594,-2.91,-74.75,12.475,0,0,0,0.21,-39.69,17.98,0,0,0,3.43,-96.08,13.876,0
22.253,3.14,-3.01,1586.91,16.594,-2.91,-73.78,12.485,0,0,0,0.21,-39.26,17.98,0,0,0,3.43,-95.24,13.88,0
22.225,3.14,-3.01,1585.25,16.594,-2.91,-72.8,12.495,0,0,0,0.21,-38.83,17.98,0,0,0,3.43,-94.4,13.884,0
22.196,3.14,-3.01,1583.59,16.594,-2.91,-71.83,12.505,0,0,0,0.21,-38.41,17.98,0,0,0,3.43,-93.57,13.887,0
22.168,3.14,-3.01,1581.93,16.594,-2.91,-70.86,12.515,0,0,0,0.21,-37.99,17.981,0,0,0,3.43,-92.73,13.891,0
22.14,3.14,-3.01,1580.27,16.594,-2.91,-69.9,12.511,0,0,0,0.21,-37.57,17.981,0,0,0,3.43,-91.91,13.882,0
22.112,3.14,-3.01,1578.61,16.594,-2.9,-68.93,12.503,0,0,0,0.21,-37.15,17.981,0,0,0,3.43,-91.08,13.88,0
22.085,3.14,-3.01,1576.95,16.594,-2.9,-67.97,12.495,0,0,0,0.21,-36.74,17.981,0,0,0,3.43,-90.26,13.884,0
22.057,3.14,-3.01,1575.29,16.594,-2.9,-67.02,12.497,0,0,0,0.21,-36.33,17.981,0,0,0,3.43,-89.44,13.888,0
22.029,3.14,-3.01,1573.63,16.594,-2.9,-66.06,12.5,0,0,0,0.21,-35.92,17.981,0,0,0,3.43,-88.62,13.885,0
22.001,3.14,-3.01,1571.97,16.594,-2.9,-65.11,12.497,0,0,0,0.21,-35.52,17.981,0,0,0,3.43,-87.8,13.877,0
21.974,3.14,-3.01,1570.31,16.594,-2.9,-64.16,12.504,0,0,0,0.21,-35.12,17.981,0,0,0,3.43,-86.99,13.881,0
21.946,3.14,-3.01,1568.65,16.594,-2.9,-63.22,12.498,0,0,0,0.21,-34.72,17.981,0,0,0,3.43,-86.18,13.885,0
21.918,3.14,-3.01,1566.99,16.595,-2.9,-62.27,12.508,0,0,0,0.21,-34.32,17.981,0,0,0,3.43,-85.38,13.888,0
21.758,3.14,-3.01,1565.33,16.595,-2.9,-61.34,12.5,0,0,0,0.21,-33.93,17.981,0,0,0,3.43,-84.57,13.892,0
20.879,3.14,-3.01,1563.67,16.595,-2.9,-60.45,12.508,0,0,0,0.21,-33.59,17.982,0,0,0,3.43,-83.83,13.881,0
19.904,3.14,-3.01,1562.01,16.595,-2.9,-59.66,12.504,0,0,0,0.21,-33.35,17.982,0,0,0,3.43,-83.17,13.881,0
18.94,3.14,-3.01,1560.35,16.595,-2.91,-58.97,12.497,0,0,0,0.21,-33.2,17.982,0,0,0,3.43,-82.62,13.885,0
18.147,3.14,-3.01,1558.68,16.595,-2.91,-58.37,12.5,0,0,0,0.21,-33.15,17.982,0,0,0,3.43,-82.16,13.889,0
17.784,3.14,-3.01,1557.02,16.595,-2.91,-57.83,12.501,0,0,0,0.2,-33.16,17.982,0,0,0,3.43,-81.75,13.884,0
17.855,3.14,-3.02,1555.36,16.595,-2.92,-57.29,12.5,0,0,0,0.2,-33.17,17.982,0,0,0,3.42,-81.35,13.878,0
17.835,3.14,-3.02,1553.69,16.595,-2.92,-56.76,12.505,0,0,0,0.19,-33.18,17.982,0,0,0,3.42,-80.95,13.882,0
17.815,3.14,-3.03,1552.03,16.595,-2.92,-56.23,12.501,0,0,0,0.19,-33.19,17.982,0,0,0,3.41,-80.56,13.885,0
17.628,3.14,-3.03,1550.36,16.595,-2.93,-55.7,12.509,0,0,0,0.19,-33.21,17.982,0,0,0,3.41,-80.17,13.889,0
16.88,3.14,-3.04,1548.7,16.595,-2.93,-55.22,12.501,0,0,0,0.18,-33.28,17.982,0,0,0,3.4,-79.83,13.893,0
15.904,3.14,-3.04,1547.03,16.595,-2.94,-54.83,12.511,0,0,0,0.18,-33.44,17.982,0,0,0,3.4,-79.57,13.88,0
14.943,3.14,-3.05,1545.37,16.595,-2.94,-54.54,12.505,0,0,0,0.17,-33.69,17.982,0,0,0,3.39,-79.42,13.882,0
14.182,3.14,-3.05,1543.7,16.595,-2.95,-54.34,12.498,0,0,0,0.16,-34.04,17.982,0,0,0,3.39,-79.35,13.886,0
14.018,3.14,-3.06,1542.03,16.595,-2.96,-54.19,12.49,0,0,0,0.16,-34.44,17.983,0,0,0,3.38,-79.34,13.89,0
14.036,3.14,-3.07,1540.37,16.595,-2.96,-54.03,12.493,0,0,0,0.15,-34.83,17.983,0,0,0,3.37,-79.32,13.883,0
14.026,3.14,-3.07,1538.7,16.595,-2.97,-53.88,12.494,0,0,0,0.14,-35.22,17.983,0,0,0,3.37,-79.31,13.879,0
13.803,3.14,-3.08,1537.03,16.595,-2.98,-53.74,12.494,0,0,0,0.14,-35.63,17.983,0,0,0,3.36,-79.3,13.883,0
13.718,3.14,-3.09,1535.37,16.595,-2.98,-53.61,12.498,0,0,0,0.13,-36.05,17.983,0,0,0,3.35,-79.31,13.886,0
13.908,3.14,-3.09,1533.7,16.595,-2.99,-53.48,12.494,0,0,0,0.12,-36.47,17.983,0,0,0,3.35,-79.32,13.887,0
14.155,3.14,-3.1,1532.03,16.595,-3,-53.33,12.504,0,0,0,0.12,-36.86,17.983,0,0,0,3.34,-79.3,13.876,0
14.4,3.14,-3.11,1530.37,16.595,-3,-53.15,12.514,0,0,0,0.11,-37.23,17.983,0,0,0,3.33,-79.26,13.879,0
14.644,3.14,-3.11,1528.7,16.595,-3.01,-52.95,12.507,0,0,0,0.1,-37.57,17.983,0,0,0,3.33,-79.2,13.883,0
14.888,3.14,-3.12,1527.03,16.595,-3.02,-52.72,12.515,0,0,0,0.1,-37.89,17.983,0,0,0,3.32,-79.11,13.887,0
15.133,3.14,-3.13,1525.37,16.595,-3.02,-52.47,12.511,0,0,0,0.09,-38.19,17.983,0,0,0,3.31,-78.99,13.89,0
15.378,3.14,-3.13,1523.7,16.595,-3.03,-52.2,12.503,0,0,0,0.09,-38.46,17.983,0,0,0,3.31,-78.85,13.883,0
15.623,3.14,-3.14,1522.03,16.595,-3.04,-51.9,12.495,0,0,0,0.08,-38.71,17.983,0,0,0,3.3,-78.69,13.88,0
15.868,3.14,-3.14,1520.37,16.595,-3.04,-51.57,12.497,0,0,0,0.07,-38.93,17.983,0,0,0,3.3,-78.5,13.884,0
16.114,3.14,-3.15,1518.7,16.595,-3.05,-51.22,12.499,0,0,0,0.07,-39.13,17.984,0,0,0,3.29,-78.29,13.887,0
16.36,3.14,-3.16,1517.03,16.595,-3.05,-50.85,12.497,0,0,0,0.06,-39.3,17.984,0,0,0,3.28,-78.05,13.886,0
16.606,3.14,-3.16,1515.37,16.595,-3.06,-50.45,12.504,0,0,0,0.06,-39.45,17.984,0,0,0,3.28,-77.79,13.877,0
16.853,3.14,-3.17,1513.7,16.595,-3.06,-50.03,12.498,0,0,0,0.05,-39.57,17.984,0,0,0,3.27,-77.5,13.88,0
17.1,3.14,-3.17,1512.04,16.595,-3.07,-49.58,12.508,0,0,0,0.04,-39.67,17.984,0,0,0,3.27,-77.19,13.884,0
17.347,3.14,-3.18,1510.37,16.595,-3.08,-49.11,12.5,0,0,0,0.04,-39.75,17.984,0,0,0,3.26,-76.86,13.888,0
17.595,3.14,-3.18,1508.71,16.595,-3.08,-48.61,12.492,0,0,0,0.03,-39.8,17.984,0,0,0,3.26,-76.5,13.891,0
17.853,3.14,-3.19,1507.04,16.595,-3.09,-48.09,12.499,0,0,0,0.03,-39.82,17.984,0,0,0,3.25,-76.11,13.882,0
18.251,3.14,-3.19,1505.38,16.595,-3.09,-47.53,12.497,0,0,0,0.02,-39.81,17.984,0,0,0,3.25,-75.69,13.881,0
18.18,3.14,-3.2,1503.71,16.595,-3.1,-46.95,12.499,0,0,0,0.02,-39.78,17.984,0,0,0,3.24,-75.25,13.884,0
18.284,3.14,-3.2,1502.04,16.595,-3.1,-46.38,12.501,0,0,0,0.01,-39.76,17.984,0,0,0,3.24,-74.82,13.888,0
18.659,3.14,-3.21,1500.38,16.595,-3.11,-45.79,12.5,0,0,0,0.01,-39.71,17.984,0,0,0,3.23,-74.36,13.885,0
18.684,3.14,0,0,0,-3.11,-45.17,12.505,0,0,0,0,-39.64,17.984,0,0,0,3.23,-73.88,13.878,0
18.839,3.14,0,0,0,-3.12,-44.54,12.501,0,0,0,0,-39.56,17.984,0,0,0,3.22,-73.39,13.881,0
19.014,3.14,0,0,0,-3.12,-43.9,12.509,0,0,0,-0.01,-39.46,17.984,0,0,0,3.22,-72.88,13.885,0
19.189,3.14,0,0,0,-3.12,-43.24,12.501,0,0,0,-0.01,-39.35,17.984,0,0,0,3.21,-72.36,13.889,0
19.364,3.14,0,0,0,-3.13,-42.56,12.511,0,0,0,-0.01,-39.22,17.984,0,0,0,3.21,-71.82,13.892,0
19.539,3.14,0,0,0,-3.13,-41.87,12.505,0,0,0,-0.02,-39.07,17.984,0,0,0,3.21,-71.26,13.881,0
19.718,3.14,0,0,0,-3.14,-41.16,12.498,0,0,0,-0.02,-38.91,17.985,0,0,0,3.2,-70.68,13.882,0
20.017,3.14,0,0,0,-3.14,-40.42,12.49,0,0,0,-0.02,-38.71,17.985,0,0,0,3.2,-70.08,13.885,0
20.171,3.14,0,0,0,-3.14,-39.66,12.493,0,0,0,-0.03,-38.5,17.985,0,0,0,3.2,-69.46,13.889,0
20.302,3.14,0,0,0,-3.15,-38.88,12.494,0,0,0,-0.03,-38.27,17.985,0,0,0,3.19,-68.82,13.885,0
20.429,3.14,0,0,0,-3.15,-38.1,12.494,0,0,0,-0.03,-38.03,17.985,0,0,0,3.19,-68.17,13.878,0
20.556,3.14,0,0,0,-3.15,-37.3,12.504,0,0,0,-0.04,-37.78,17.985,0,0,0,3.19,-67.51,13.882,0
20.682,3.14,0,0,0,-3.15,-36.49,12.51,0,0,0,-0.04,-37.52,17.985,0,0,0,3.18,-66.83,13.886,0
20.807,3.14,0,0,0,-3.16,-35.66,12.504,0,0,0,-0.04,-37.24,17.985,0,0,0,3.18,-66.15,13.888,0
20.959,3.14,0,0,0,-3.16,-34.82,12.514,0,0,0,-0.04,-36.95,17.985,0,0,0,3.18,-65.44,13.875,0
21.002,3.14,0,0,0,-3.16,-33.97,12.506,0,0,0,-0.05,-36.65,17.985,0,0,0,3.18,-64.73,13.879,0
20.989,3.14,0,0,0,-3.16,-33.13,12.499,0,0,0,-0.05,-36.34,17.985,0,0,0,3.18,-64.02,13.883,0
20.967,3.14,0,0,0,-3.16,-32.28,12.491,0,0,0,-0.05,-36.04,17.985,0,0,0,3.17,-63.31,13.886,0
20.944,3.14,0,0,0,-3.17,-31.43,12.496,0,0,0,-0.05,-35.74,17.985,0,0,0,3.17,-62.6,13.89,0
20.92,3.14,0,0,0,-3.17,-30.59,12.495,0,0,0,-0.05,-35.45,17.985,0,0,0,3.17,-61.89,13.884,0
20.895,3.14,0,0,0,-3.17,-29.75,12.496,0,0,0,-0.05,-35.15,17.985,0,0,0,3.17,-61.19,13.879,0
20.87,3.14,0,0,0,-3.17,-28.91,12.499,0,0,0,-0.06,-34.86,17.985,0,0,0,3.17,-60.49,13.883,0
20.845,3.14,0,0,0,-3.17,-28.07,12.497,0,0,0,-0.06,-34.57,17.985,0,0,0,3.16,-59.79,13.887,0
20.82,3.14,0,0,0,-3.17,-27.24,12.503,0,0,0,-0.06,-34.29,17.985,0,0,0,3.16,-59.09,13.887,0
20.794,3.14,0,0,0,-3.18,-26.41,12.498,0,0,0,-0.06,-34,17.985,0,0,0,3.16,-58.4,13.876,0
20.769,3.14,0,0,0,-3.18,-25.58,12.508,0,0,0,-0.06,-33.72,17.986,0,0,0,3.16,-57.71,13.88,0
20.743,3.14,0,0,0,-3.18,-24.76,12.5,0,0,0,-0.07,-33.44,17.986,0,0,0,3.16,-57.02,13.883,0
20.717,3.14,0,0,0,-3.18,-23.93,12.492,0,0,0,-0.07,-33.17,17.986,0,0,0,3.16,-56.33,13.887,0
20.692,3.14,0,0,0,-3.18,-23.11,12.499,0,0,0,-0.07,-32.89,17.986,0,0,0,3.15,-55.65,13.891,0
20.666,3.14,0,0,0,-3.19,-22.29,12.496,0,0,0,-0.07,-32.62,17.986,0,0,0,3.15,-54.97,13.883,0
20.641,3.14,0,0,0,-3.19,-21.48,12.499,0,0,0,-0.07,-32.35,17.986,0,0,0,3.15,-54.29,13.88,0
20.615,3.14,0,0,0,-3.19,-20.67,12.501,0,0,0,-0.07,-32.09,17.986,0,0,0,3.15,-53.61,13.884,0
20.59,3.14,0,0,0,-3.19,-19.86,12.5,0,0,0,-0.08,-31.82,17.986,0,0,0,3.15,-52.94,13.888,0
20.565,3.14,0,0,0,-3.19,-19.05,12.505,0,0,0,-0.08,-31.56,17.986,0,0,0,3.15,-52.27,13.886,0
20.539,3.14,0,0,0,-3.19,-18.24,12.501,0,0,0,-0.08,-31.3,17.986,0,0,0,3.14,-51.6,13.877,0
20.514,3.14,0,0,0,-3.2,-17.44,12.509,0,0,0,-0.08,-31.05,17.986,0,0,0,3.14,-50.93,13.881,0
20.489,3.14,0,0,0,-3.2,-16.64,12.501,0,0,0,-0.08,-30.8,17.986,0,0,0,3.14,-50.27,13.884,0
20.435,3.14,0,0,0,-3.2,-15.84,12.511,0,0,0,-0.08,-30.54,17.986,0,0,0,3.14,-49.61,13.888,0
20.182,3.14,0,0,0,-3.2,-15.06,12.505,0,0,0,-0.09,-30.31,17.986,0,0,0,3.14,-48.96,13.892,0
19.676,3.14,0,0,0,-3.2,-14.32,12.498,0,0,0,-0.09,-30.11,17.986,0,0,0,3.13,-48.35,13.882,0
19.02,3.14,0,0,0,-3.21,-13.63,12.49,0,0,0,-0.09,-29.97,17.986,0,0,0,3.13,-47.81,13.881,0
18.322,3.14,0,0,0,-3.21,-13.01,12.493,0,0,0,-0.09,-29.9,17.986,0,0,0,3.13,-47.33,13.885,0
17.691,3.14,0,0,0,-3.21,-12.46,12.494,0,0,0,-0.1,-29.9,17.986,0,0,0,3.13,-46.91,13.888,0
17.413,3.14,0,0,0,-3.22,-11.96,12.494,0,0,0,-0.1,-29.95,17.986,0,0,0,3.12,-46.55,13.886,0
17.399,3.14,0,0,0,-3.22,-11.47,12.503,0,0,0,-0.11,-30,17.986,0,0,0,3.12,-46.2,13.878,0
17.38,3.14,0,0,0,-3.23,-10.99,12.51,0,0,0,-0.11,-30.06,17.986,0,0,0,3.11,-45.84,13.882,0
17.36,3.14,0,0,0,-3.23,-10.5,12.504,0,0,0,-0.12,-30.12,17.986,0,0,0,3.1,-45.49,13.885,0
17.34,3.14,0,0,0,-3.24,-10.01,12.514,0,0,0,-0.12,-30.18,17.986,0,0,0,3.1,-45.15,13.889,0
17.32,3.14,0,0,0,-3.24,-9.53,12.506,0,0,0,-0.13,-30.25,17.986,0,0,0,3.09,-44.8,13.893,0
17.3,3.14,0,0,0,-3.25,-9.05,12.499,0,0,0,-0.13,-30.31,17.986,0,0,0,3.09,-44.46,13.882,0
17.28,3.14,0,0,0,-3.25,-8.57,12.491,0,0,0,-0.14,-30.38,17.986,0,0,0,3.08,-44.11,13.882,0
17.26,3.14,0,0,0,-3.26,-8.09,12.496,0,0,0,-0.15,-30.45,17.987,0,0,0,3.08,-43.77,13.886,0
17.24,3.14,0,0,0,-3.27,-7.62,12.495,0,0,0,-0.15,-30.52,17.987,0,0,0,3.07,-43.43,13.889,0
17.221,3.14,0,0,0,-3.27,-7.15,12.496,0,0,0,-0.16,-30.6,17.987,0,0,0,3.07,-43.1,13.885,0
17.216,3.14,0,0,0,-3.28,-6.67,12.499,0,0,0,-0.16,-30.67,17.987,0,0,0,3.06,-42.76,13.879,0
17.221,3.14,0,0,0,-3.28,-6.2,12.497,0,0,0,-0.17,-30.75,17.987,0,0,0,3.06,-42.43,13.882,0
17.234,3.14,0,0,0,-3.29,-5.73,12.503,0,0,0,-0.17,-30.82,17.987,0,0,0,3.05,-42.09,13.886,0
17.254,3.14,0,0,0,-3.29,-5.25,12.498,0,0,0,-0.18,-30.89,17.987,0,0,0,3.04,-41.75,13.888,0
17.277,3.14,0,0,0,-3.3,-4.78,12.508,0,0,0,-0.18,-30.96,17.987,0,0,0,3.04,-41.42,13.876,0
17.302,3.14,0,0,0,-3.3,-4.3,12.517,0,0,0,-0.19,-31.03,17.987,0,0,0,3.03,-41.07,13.879,0
17.329,3.14,0,0,0,-3.31,-3.82,12.512,0,0,0,-0.19,-31.1,17.987,0,0,0,3.03,-40.73,13.883,0
17.355,3.14,0,0,0,-3.31,-3.33,12.504,0,0,0,-0.2,-31.16,17.987,0,0,0,3.02,-40.38,13.887,0
17.381,3.14,0,0,0,-3.32,-2.85,12.496,0,0,0,-0.21,-31.22,17.987,0,0,0,3.02,-40.03,13.89,0
17.406,3.14,0,0,0,-3.33,-2.36,12.499,0,0,0,-0.21,-31.28,17.987,0,0,0,3.01,-39.68,13.884,0
17.429,3.14,0,0,0,-3.33,-1.87,12.5,0,0,0,-0.22,-31.33,17.987,0,0,0,3.01,-39.32,13.88,0
17.442,3.14,0,0,0,-3.34,-1.37,12.5,0,0,0,-0.22,-31.39,17.987,0,0,0,3,-38.97,13.883,0
17.432,3.14,0,0,0,-3.34,-0.88,12.505,0,0,0,-0.23,-31.44,17.987,0,0,0,3,-38.61,13.887,0
17.415,3.14,0,0,0,-3.35,-0.39,12.5,0,0,0,-0.23,-31.49,17.987,0,0,0,2.99,-38.25,13.887,0
17.396,3.14,-3.35,1322.43,12.509,-3.55,-29.95,12.494,0,0,0,-0.24,-31.55,17.987,0,0,0,2.99,-37.9,13.876,0
17.387,3.14,-3.36,1321.18,12.501,-3.56,-29.46,12.502,0,0,0,-0.24,-31.61,17.987,0,0,0,2.98,-37.55,13.88,0
17.398,3.14,-3.36,1319.92,12.511,-3.56,-28.98,12.493,0,0,0,-0.25,-31.67,17.987,0,0,0,2.98,-37.19,13.884,0
17.416,3.14,-3.37,1318.67,12.505,-3.57,-28.49,12.499,0,0,0,-0.25,-31.72,17.987,0,0,0,2.97,-36.84,13.887,0
17.438,3.14,-3.37,1317.41,12.497,-3.57,-27.99,12.493,0,0,0,-0.26,-31.78,17.987,0,0,0,2.97,-36.48,13.891,0
17.461,3.14,-3.38,1316.16,12.49,-3.58,-27.5,12.496,0,0,0,-0.26,-31.83,17.987,0,0,0,2.96,-36.13,13.883,0
17.484,3.14,-3.38,1314.9,12.493,-3.58,-27,12.505,0,0,0,-0.27,-31.88,17.987,0,0,0,2.96,-35.77,13.881,0
17.507,3.14,-3.39,1313.65,12.503,-3.59,-26.5,12.504,0,0,0,-0.27,-31.93,17.987,0,0,0,2.95,-35.4,13.884,0
17.519,3.14,-3.39,1312.39,12.506,-3.59,-26,12.502,0,0,0,-0.28,-31.97,17.987,0,0,0,2.95,-35.04,13.888,0
17.51,3.14,-3.4,1311.14,12.503,-3.6,-25.5,12.505,0,0,0,-0.28,-32.02,17.987,0,0,0,2.94,-34.67,13.887,0
17.503,3.14,-3.4,1309.88,12.51,-3.6,-25,12.498,0,0,0,-0.29,-32.06,17.987,0,0,0,2.94,-34.31,13.877,0
17.484,3.14,-3.41,1308.63,12.504,-3.61,-24.5,12.505,0,0,0,-0.29,-32.11,17.987,0,0,0,2.93,-33.95,13.881,0
17.373,3.14,-3.41,1307.37,12.514,-3.61,-24.01,12.495,0,0,0,-0.3,-32.17,17.987,0,0,0,2.93,-33.59,13.885,0
17.453,3.14,-3.42,1306.12,12.506,-3.62,-23.52,12.504,0,0,0,-0.3,-32.22,17.987,0,0,0,2.92,-33.24,13.888,0
17.591,3.14,-3.42,1304.86,12.499,-3.62,-23.01,12.496,0,0,0,-0.31,-32.27,17.988,0,0,0,2.92,-32.87,13.892,0
17.731,3.14,-3.43,1303.61,12.491,-3.63,-22.5,12.501,0,0,0,-0.31,-32.3,17.988,0,0,0,2.91,-32.49,13.883,0
17.87,3.14,-3.43,1302.35,12.496,-3.63,-21.97,12.497,0,0,0,-0.32,-32.31,17.988,0,0,0,2.91,-32.1,13.881,0
18.011,3.14,-3.43,1301.1,12.495,-3.63,-21.42,12.498,0,0,0,-0.32,-32.32,17.988,0,0,0,2.9,-31.69,13.885,0
18.156,3.14,-3.44,1299.85,12.496,-3.64,-20.87,12.497,0,0,0,-0.32,-32.31,17.988,0,0,0,2.9,-31.27,13.889,0
18.305,3.14,-3.44,1298.59,12.499,-3.64,-20.29,12.495,0,0,0,-0.33,-32.28,17.988,0,0,0,2.9,-30.83,13.886,0
18.458,3.14,-3.44,1297.34,12.497,-3.64,-19.7,12.498,0,0,0,-0.33,-32.24,17.988,0,0,0,2.9,-30.38,13.878,0
18.612,3.14,-3.44,1296.09,12.503,-3.64,-19.1,12.492,0,0,0,-0.33,-32.18,17.988,0,0,0,2.89,-29.92,13.882,0
18.765,3.14,-3.44,1294.84,12.497,-3.64,-18.48,12.5,0,0,0,-0.33,-32.11,17.988,0,0,0,2.89,-29.43,13.885,0
18.919,3.14,-3.44,1293.59,12.507,-3.64,-17.85,12.508,0,0,0,-0.33,-32.02,17.988,0,0,0,2.89,-28.94,13.889,0
19.073,3.14,-3.44,1292.34,12.517,-3.64,-17.2,12.499,0,0,0,-0.33,-31.92,17.988,0,0,0,2.89,-28.42,13.877,0
19.226,3.14,-3.44,1291.09,12.511,-3.64,-16.53,12.505,0,0,0,-0.33,-31.8,17.988,0,0,0,2.9,-27.9,13.879,0
19.38,3.14,-3.44,1289.85,12.504,-3.63,-15.85,12.499,0,0,0,-0.32,-31.67,17.988,0,0,0,2.9,-27.35,13.882,0
19.533,3.14,-3.43,1288.6,12.496,-3.63,-15.16,12.502,0,0,0,-0.31,-31.52,17.988,0,0,0,2.91,-26.79,13.886,0
19.687,3.15,0,0,0,-3.62,-14.45,12.5,0,0,0,-0.31,-31.35,17.988,0,0,0,2.92,-26.22,13.89,0
19.928,3.15,0,0,0,-3.61,-13.72,12.499,0,0,0,-0.3,-31.17,17.988,0,0,0,2.92,-25.63,13.885,0
20.124,3.15,0,0,0,-3.6,-12.96,12.501,0,0,0,-0.29,-30.97,17.988,0,0,0,2.93,-25.01,13.879,0
20.244,3.15,0,0,0,-3.59,-12.19,12.496,0,0,0,-0.28,-30.74,17.988,0,0,0,2.94,-24.38,13.883,0
20.354,3.15,0,0,0,-3.58,-11.41,12.501,0,0,0,-0.27,-30.51,17.988,0,0,0,2.95,-23.73,13.886,0
20.461,3.15,0,0,0,-3.57,-10.62,12.493,0,0,0,-0.26,-30.27,17.988,0,0,0,2.97,-23.08,13.888,0
20.568,3.15,0,0,0,-3.56,-9.82,12.502,0,0,0,-0.24,-30.01,17.988,0,0,0,2.98,-22.42,13.876,0
20.675,3.15,0,0,0,-3.54,-9.01,12.492,0,0,0,-0.23,-29.75,17.988,0,0,0,2.99,-21.74,13.88,0
20.781,3.15,0,0,0,-3.53,-8.19,12.499,0,0,0,-0.21,-29.47,17.988,0,0,0,3.01,-21.05,13.883,0
20.887,3.15,0,0,0,-3.51,-7.35,12.493,0,0,0,-0.2,-29.18,17.988,0,0,0,3.02,-20.36,13.887,0
20.993,3.15,0,0,0,-3.5,-6.51,12.496,0,0,0,-0.18,-28.89,17.988,0,0,0,3.04,-19.65,13.89,0
21.099,3.15,0,0,0,-3.48,-5.65,12.504,0,0,0,-0.17,-28.58,17.988,0,0,0,3.05,-18.93,13.884,0
21.204,3.15,0,0,0,-3.47,-4.79,12.503,0,0,0,-0.16,-28.26,17.988,0,0,0,3.07,-18.2,13.88,0
21.309,3.15,0,0,0,-3.45,-3.91,12.501,0,0,0,-0.14,-27.93,17.988,0,0,0,3.08,-17.46,13.884,0
21.413,3.15,0,0,0,-3.44,-3.03,12.504,0,0,0,-0.13,-27.59,17.988,0,0,0,3.1,-16.71,13.887,0
21.539,3.15,0,0,0,-3.43,-2.13,12.498,0,0,0,-0.11,-27.24,17.988,0,0,0,3.11,-15.96,13.888,0
21.688,3.15,0,0,0,-3.41,-1.22,12.504,0,0,0,-0.1,-26.88,17.988,0,0,0,3.12,-15.18,13.877,0
21.782,3.15,0,0,0,-3.4,-0.29,12.495,0,0,0,-0.09,-26.5,17.988,0,0,0,3.14,-14.39,13.88,0
21.839,3.15,-3.39,1235.04,12.503,0,0,0,0,0,0,-0.07,-26.12,17.988,0,0,0,3.15,-13.6,13.884,0
21.842,3.15,-3.37,1233.8,12.495,0,0,0,0,0,0,-0.06,-25.73,17.988,0,0,0,3.16,-12.8,13.888,0
21.821,3.15,-3.36,1232.56,12.5,0,0,0,0,0,0,-0.05,-25.34,17.988,0,0,0,3.18,-12,13.891,0
21.797,3.15,-3.35,1231.32,12.496,0,0,0,0,0,0,-0.04,-24.96,17.988,0,0,0,3.19,-11.21,13.884,0
21.771,3.15,-3.34,1230.08,12.497,0,0,0,0,0,0,-0.03,-24.58,17.988,0,0,0,3.19,-10.42,13.881,0
21.746,3.14,-3.34,1228.84,12.497,0,0,0,0,0,0,-0.02,-24.2,17.988,0,0,0,3.2,-9.63,13.884,0
21.72,3.14,-3.33,1227.59,12.494,0,0,0,0,0,0,-0.02,-23.82,17.988,0,0,0,3.21,-8.84,13.888,0
21.693,3.14,-3.33,1226.35,12.502,0,0,0,0,0,0,-0.01,-23.45,17.988,0,0,0,3.21,-8.06,13.887,0
21.667,3.14,-3.32,1225.1,12.507,0,0,0,0,0,0,-0.01,-23.08,17.988,0,0,0,3.21,-7.28,13.878,0
21.64,3.14,-3.32,1223.85,12.499,0,0,0,0,0,0,-0.01,-22.71,17.988,0,0,0,3.22,-6.5,13.881,0
21.613,3.14,-3.31,1222.61,12.508,0,0,0,0,0,0,0,-22.34,17.988,0,0,0,3.22,-5.72,13.885,4
21.586,3.14,-3.31,1221.36,12.498,0,0,0,0,0,0,0,-21.98,17.988,0,0,0,3.23,-4.95,13.889,4
21.559,3.14,-3.31,1220.12,12.505,0,0,0,0,0,0,0,-21.62,17.988,0,0,0,3.23,-4.18,13.878,4
21.53,3.15,-3.29,1218.89,12.499,0,0,0,0,0,0,0.02,-21.26,17.988,0,0,0,3.25,-3.41,13.878,4
21.501,3.16,-3.25,1217.68,12.502,0,0,0,0,0,0,0.06,-20.91,17.988,0,0,0,3.29,-2.65,13.882,4
21.472,3.17,-3.17,1216.5,12.499,0,0,0,0,0,0,0.14,-20.56,17.988,0,0,0,3.36,-1.89,13.885,4
21.444,3.18,-3.07,1215.35,12.499,0,0,0,0,0,0,0.24,-20.22,17.989,0,0,0,3.46,-1.14,13.889,0
21.418,3.2,-2.95,1214.23,12.5,0,0,0,0,0,0,0.36,-19.88,17.989,0,0,0,3.59,-0.38,13.886,0
21.392,3.21,-2.8,1213.12,12.496,0,0,0,0,0,0,0.51,-19.54,17.989,3.73,0.36,13.878,0,0,0,0
21.366,3.22,-2.65,1212.03,12.5,0,0,0,0,0,0,0.66,-19.2,17.989,3.89,1.11,13.882,0,0,0,0
21.34,3.22,-2.48,1210.94,12.493,0,0,0,0,0,0,0.83,-18.87,17.989,4.05,1.85,13.886,0,0,0,0
21.315,3.22,-2.32,1209.86,12.501,0,0,0,0,0,0,0.99,-18.54,17.989,4.22,2.59,13.889,0,0,0,0
21.289,3.22,-2.14,1208.78,12.491,0,0,0,0,0,0,1.17,-18.22,17.989,4.39,3.33,13.877,0,0,0,0
21.264,3.22,-1.97,1207.7,12.498,0,0,0,0,0,0,1.33,-17.89,17.989,4.56,4.06,13.879,0,0,0,0
21.239,3.22,-1.8,1206.62,12.506,0,0,0,0,0,0,1.5,-17.57,17.989,4.74,4.79,13.883,0,0,0,0
21.213,3.22,0,0,0,0,0,0,-1.63,23.17,12.502,0,0,0,0,0,0,1.67,-17.25,17.989,0
21.188,3.22,0,0,0,0,0,0,-1.46,24.04,12.503,0,0,0,0,0,0,1.83,-16.94,17.989,0
21.163,3.22,0,0,0,0,0,0,-1.29,24.9,12.503,0,0,0,0,0,0,1.99,-16.62,17.989,0
21.137,3.22,0,0,0,0,0,0,-1.14,25.76,12.5,0,0,0,0,0,0,2.14,-16.31,17.989,0
21.111,3.21,0,0,0,0,0,0,-1,26.61,12.503,0,0,0,0,0,0,2.28,-16,17.989,0
21.086,3.2,0,0,0,0,0,0,-0.88,27.47,12.497,0,0,0,0,0,0,2.4,-15.69,17.989,0
21.06,3.2,0,0,0,0,0,0,-0.77,28.32,12.504,0,0,0,0,0,0,2.5,-15.38,17.989,0
21.034,3.19,0,0,0,0,0,0,-0.67,29.17,12.494,0,0,0,0,0,0,2.59,-15.08,17.989,0
21.008,3.18,0,0,0,0,0,0,-0.6,30.02,12.503,0,0,0,0,0,0,2.66,-14.78,17.989,0
20.982,3.17,0,0,0,0,0,0,-0.53,30.87,12.495,0,0,0,0,0,0,2.72,-14.47,17.989,0
20.956,3.17,0,0,0,0,0,0,-0.48,31.72,12.5,0,0,0,0,0,0,2.76,-14.18,17.989,4
20.931,3.16,0,0,0,0,0,0,-0.44,32.56,12.495,0,0,0,0,0,0,2.8,-13.88,17.989,4
20.905,3.16,0,0,0,0,0,0,-0.4,33.4,12.496,0,0,0,0,0,0,2.84,-13.58,17.989,4
20.879,3.16,0,0,0,0,0,0,-0.36,34.24,12.496,0,0,0,0,0,0,2.87,-13.29,17.989,4
20.854,3.16,0,0,0,0,0,0,-0.32,35.08,12.493,0,0,0,0,0,0,2.91,-13,17.989,4
20.828,3.16,0,0,0,0,0,0,-0.28,35.91,12.507,0,0,0,0,0,0,2.94,-12.72,17.989,4
20.803,3.16,0,0,0,0,0,0,-0.25,36.74,12.526,0,0,0,0,0,0,2.97,-12.43,17.99,4
20.777,3.16,0,0,0,0,0,0,-0.21,37.57,12.517,0,0,0,0,0,0,3,-12.15,17.99,0
20.752,3.16,0,0,0,0,0,0,-0.18,38.4,12.507,0,0,0,0,0,0,3.03,-11.87,17.99,0
20.726,3.15,0,0,0,0,0,0,-0.16,39.22,12.497,0,0,0,0,0,0,3.04,-11.59,17.99,0
20.701,3.15,0,0,0,0,0,0,-0.14,40.04,12.504,0,0,0,0,0,0,3.07,-11.32,17.99,0
20.675,3.15,0,0,0,0,0,0,-0.12,40.86,12.498,0,0,0,0,0,0,3.08,-11.05,17.99,0
20.65,3.15,0,0,0,0,0,0,-0.11,41.67,12.501,0,0,0,0,0,0,3.09,-10.78,17.99,0
20.625,3.15,0,0,0,0,0,0,-0.1,42.49,12.499,0,0,0,0,0,0,3.11,-10.51,17.99,0
20.599,3.15,0,0,0,0,0,0,-0.09,43.3,12.498,0,0,0,0,0,0,3.12,-10.25,17.99,0
20.574,3.15,0,0,0,0,0,0,-0.08,44.11,12.499,0,0,0,0,0,0,3.13,-9.99,17.99,0
20.549,3.15,0,0,0,0,0,0,-0.07,44.91,12.495,0,0,0,0,0,0,3.14,-9.73,17.99,0
20.524,3.14,0,0,0,0,0,0,-0.06,45.72,12.5,0,0,0,0,0,0,3.14,-9.47,17.99,0
20.498,3.14,0,0,0,0,0,0,-0.06,46.52,12.492,0,0,0,0,0,0,3.14,-9.22,17.99,0
20.473,3.14,0,0,0,0,0,0,-0.06,47.32,12.5,0,0,0,0,0,0,3.14,-8.96,17.99,0
20.448,3.14,0,0,0,0,0,0,-0.07,48.11,12.491,0,0,0,0,0,0,3.14,-8.71,17.99,0
20.423,3.14,0,0,0,0,0,0,-0.07,48.91,12.497,0,0,0,0,0,0,3.13,-8.47,17.99,0
20.398,3.14,0,0,0,0,0,0,-0.08,49.7,12.506,0,0,0,0,0,0,3.13,-8.22,17.99,0
20.373,3.14,0,0,0,0,0,0,-0.08,50.49,12.501,0,0,0,0,0,0,3.12,-7.98,17.99,0
20.348,3.14,0,0,0,0,0,0,-0.09,51.27,12.503,0,0,0,0,0,0,3.11,-7.74,17.99,0
20.323,3.14,0,0,0,0,0,0,-0.1,52.06,12.502,0,0,0,0,0,0,3.11,-7.51,17.99,0
20.298,3.14,0,0,0,0,0,0,-0.1,52.84,12.5,0,0,0,0,0,0,3.1,-7.27,17.99,0
20.273,3.14,0,0,0,0,0,0,-0.11,53.62,12.503,0,0,0,0,0,0,3.09,-7.04,17.99,0
20.248,3.14,0,0,0,0,0,0,-0.12,54.39,12.496,0,0,0,0,0,0,3.09,-6.81,17.99,0
20.223,3.14,0,0,0,0,0,0,-0.12,55.17,12.503,0,0,0,0,0,0,3.08,-6.58,17.99,0
20.198,3.14,0,0,0,0,0,0,-0.13,55.94,12.493,0,0,0,0,0,0,3.07,-6.36,17.99,0
20.173,3.14,0,0,0,0,0,0,-0.14,56.7,12.502,0,0,0,0,0,0,3.07,-6.14,17.99,0
20.149,3.14,0,0,0,0,0,0,-0.14,57.47,12.494,0,0,0,0,0,0,3.06,-5.92,17.99,0
20.124,3.14,0,0,0,0,0,0,-0.15,58.23,12.499,0,0,0,0,0,0,3.05,-5.7,17.99,0
20.099,3.14,0,0,0,0,0,0,-0.16,59,12.495,0,0,0,0,0,0,3.05,-5.49,17.99,0
21.043,3.14,0,0,0,0,0,0,0,0,0,-0.09,-44.13,16.561,0,0,0,0,0,0,0
21.139,3.14,0,0,0,0,0,0,0,0,0,-0.08,-43.68,16.568,0,0,0,0,0,0,0
21.235,3.14,0,0,0,0,0,0,0,0,0,-0.08,-43.22,16.576,0,0,0,0,0,0,0
21.33,3.14,0,0,0,0,0,0,0,0,0,-0.08,-42.75,16.583,0,0,0,0,0,0,0
21.425,3.14,0,0,0,0,0,0,0,0,0,-0.08,-42.28,16.59,0,0,0,0,0,0,0
21.52,3.14,0,0,0,0,0,0,0,0,0,-0.08,-41.79,16.597,0,0,0,0,0,0,0
21.614,3.14,0,0,0,0,0,0,0,0,0,-0.08,-41.29,16.604,0,0,0,0,0,0,0
21.708,3.14,0,0,0,0,0,0,0,0,0,-0.08,-40.79,16.611,0,0,0,0,0,0,0
21.801,3.14,0,0,0,0,0,0,0,0,0,-0.08,-40.27,16.618,0,0,0,0,0,0,0
21.894,3.14,0,0,0,0,0,0,0,0,0,-0.07,-39.75,16.625,0,0,0,0,0,0,0
21.987,3.14,0,0,0,0,0,0,0,0,0,-0.07,-39.21,16.632,0,0,0,0,0,0,0
22.079,3.14,0,0,0,0,0,0,0,0,0,-0.07,-38.67,16.638,0,0,0,0,0,0,0
22.171,3.14,0,0,0,0,0,0,0,0,0,-0.07,-38.12,16.645,0,0,0,0,0,0,0
22.239,3.14,0,0,0,0,0,0,0,0,0,-0.06,-37.56,16.651,0,0,0,0,0,0,0
22.252,3.14,0,0,0,0,0,0,0,0,0,-0.06,-37,16.658,0,0,0,0,0,0,0
22.233,3.14,0,0,0,0,0,0,0,0,0,-0.06,-36.45,16.664,0,0,0,0,0,0,0
22.207,3.14,0,0,0,0,0,0,0,0,0,-0.06,-35.9,16.663,0,0,0,0,0,0,5
22.181,3.14,0,0,0,0,0,0,0,0,0,-0.06,-35.34,16.647,0,0,0,0,0,0,5
22.154,3.14,0,0,0,0,0,0,0,0,0,-0.06,-34.79,16.64,0,0,0,0,0,0,5
22.126,3.14,0,0,0,0,0,0,0,0,0,-0.06,-34.23,16.632,0,0,0,0,0,0,5
22.098,3.14,0,0,0,0,0,0,0,0,0,-0.07,-33.68,16.625,0,0,0,0,0,0,5
22.069,3.14,0,0,0,0,0,0,0,0,0,-0.07,-33.13,16.618,0,0,0,0,0,0,5
22.041,3.14,0,0,0,0,0,0,0,0,0,-0.08,-32.59,16.611,0,0,0,0,0,0,5
22.011,3.13,0,0,0,0,0,0,0,0,0,-0.1,-32.05,16.606,0,0,0,0,0,0,5
21.98,3.13,0,0,0,0,0,0,0,0,0,-0.14,-31.51,16.6,0,0,0,0,0,0,5
21.95,3.12,0,0,0,0,0,0,0,0,0,-0.2,-30.98,16.596,0,0,0,0,0,0,5
21.919,3.1,0,0,0,0,0,0,0,0,0,-0.29,-30.45,16.592,0,0,0,0,0,0,5
21.888,3.09,0,0,0,0,0,0,0,0,0,-0.41,-29.92,16.588,0,0,0,0,0,0,5
21.858,3.08,0,0,0,0,0,0,0,0,0,-0.56,-29.4,16.586,0,0,0,0,0,0,5
21.828,3.07,0,0,0,0,0,0,0,0,0,-0.73,-28.88,16.584,0,0,0,0,0,0,5
21.798,3.06,0,0,0,0,0,0,0,0,0,-0.9,-28.37,16.583,0,0,0,0,0,0,5
21.768,3.06,0,0,0,0,0,0,0,0,0,-1.09,-27.86,16.582,0,0,0,0,0,0,5
21.739,3.05,0,0,0,0,0,0,0,0,0,-1.28,-27.36,16.583,0,0,0,0,0,0,5
21.709,3.05,0,0,0,0,0,0,0,0,0,-1.47,-26.85,16.583,0,0,0,0,0,0,5
21.68,3.05,0,0,0,0,0,0,0,0,0,-1.66,-26.35,16.584,0,0,0,0,0,0,5
21.65,3.05,0,0,0,-1.85,-25.85,16.584,0,0,0,1.41,-89.34,17.975,0,0,0,0,0,0,5
21.621,3.06,0,0,0,-2.03,-25.36,16.584,0,0,0,1.17,-88.98,17.975,0,0,0,0,0,0,5
21.59,3.06,0,0,0,-2.2,-24.86,16.585,0,0,0,0.96,-88.62,17.976,0,0,0,0,0,0,5
21.56,3.07,0,0,0,-2.36,-24.37,16.585,0,0,0,0.81,-88.27,17.976,0,0,0,0,0,0,5
21.531,3.08,0,0,0,-2.49,-23.88,16.586,0,0,0,0.68,-87.92,17.976,0,0,0,0,0,0,5
21.502,3.09,0,0,0,-2.61,-23.4,16.586,0,0,0,0.56,-87.57,17.976,0,0,0,0,0,0,5
21.473,3.09,0,0,0,-2.71,-22.91,16.586,0,0,0,0.46,-87.22,17.977,0,0,0,0,0,0,5
21.444,3.1,0,0,0,-2.8,-22.43,16.587,0,0,0,0.38,-86.87,17.977,0,0,0,0,0,0,5
21.416,3.11,0,0,0,-2.87,-21.95,16.587,0,0,0,0.3,-86.53,17.977,0,0,0,0,0,0,5
21.387,3.11,0,0,0,-2.94,-21.47,16.588,0,0,0,0.23,-86.18,17.977,0,0,0,0,0,0,5
21.359,3.11,0,0,0,-3.01,-20.99,16.588,0,0,0,0.17,-85.84,17.977,0,0,0,0,0,0,5
21.331,3.11,0,0,0,-3.07,-20.52,16.588,0,0,0,0.11,-85.51,17.977,0,0,0,0,0,0,5
21.303,3.11,0,0,0,-3.12,-20.05,16.589,0,0,0,0.05,-85.17,17.977,0,0,0,0,0,0,5
21.276,3.12,0,0,0,-3.18,-19.58,16.589,0,0,0,0,-84.84,17.977,0,0,0,0,0,0,5
21.248,3.12,0,0,0,-3.22,-19.11,16.589,0,0,0,-0.05,-84.51,17.977,0,0,0,0,0,0,5
21.22,3.12,0,0,0,-3.26,-18.65,16.59,0,0,0,-0.09,-84.19,17.977,0,0,0,0,0,0,5
21.192,3.13,0,0,0,-3.29,-18.19,16.59,0,0,0,-0.12,-83.86,17.977,0,0,0,0,0,0,0
21.165,3.13,0,0,0,-3.31,-17.73,16.59,0,0,0,-0.14,-83.54,17.977,0,0,0,0,0,0,0
21.137,3.13,0,0,0,-3.33,-17.28,16.591,0,0,0,-0.16,-83.23,17.977,0,0,0,0,0,0,0
21.11,3.14,0,0,0,-3.34,-16.83,16.591,0,0,0,-0.17,-82.91,17.977,0,0,0,0,0,0,0
21.123,3.14,0,0,0,-3.35,-16.38,16.591,0,0,0,-0.18,-82.6,17.977,0,0,0,0,0,0,0
21.196,3.14,0,0,0,-3.35,-15.92,16.591,0,0,0,-0.18,-82.28,17.977,0,0,0,0,0,0,0
21.286,3.14,0,0,0,-3.35,-15.46,16.592,0,0,0,-0.18,-81.95,17.978,0,0,0,0,0,0,0
21.379,3.14,0,0,0,-3.35,-14.98,16.592,0,0,0,-0.18,-81.61,17.978,0,0,0,0,0,0,0
21.473,3.14,0,0,0,-3.35,-14.5,16.592,0,0,0,-0.18,-81.27,17.978,0,0,0,0,0,0,0
21.567,3.14,0,0,0,-3.35,-14.01,16.592,0,0,0,-0.18,-80.91,17.978,0,0,0,0,0,0,0
21.661,3.14,0,0,0,-3.35,-13.51,16.593,0,0,0,-0.18,-80.55,17.978,0,0,0,0,0,0,0
21.755,3.14,0,0,0,-3.35,-13,16.593,0,0,0,-0.18,-80.17,17.978,0,0,0,0,0,0,0
21.848,3.14,0,0,0,-3.35,-12.48,16.593,0,0,0,-0.17,-79.79,17.978,0,0,0,0,0,0,0
21.941,3.14,0,0,0,-3.35,-11.95,16.593,0,0,0,-0.17,-79.4,17.978,0,0,0,0,0,0,0
22.033,3.14,0,0,0,-3.35,-11.41,16.594,0,0,0,-0.17,-79,17.978,0,0,0,0,0,0,0
22.126,3.14,0,0,0,-3.35,-10.86,16.594,0,0,0,-0.17,-78.58,17.978,0,0,0,0,0,0,0
22.218,3.14,0,0,0,-3.34,-10.3,16.594,0,0,0,-0.17,-78.17,17.978,0,0,0,0,0,0,0
22.31,3.14,0,0,0,-3.34,-9.74,16.594,0,0,0,-0.17,-77.74,17.978,0,0,0,0,0,0,0
22.402,3.14,0,0,0,-3.34,-9.16,16.595,0,0,0,-0.16,-77.3,17.978,0,0,0,0,0,0,0
22.491,3.14,0,0,0,-3.34,-8.58,16.595,0,0,0,-0.16,-76.85,17.978,0,0,0,0,0,0,0
22.573,3.14,0,0,0,-3.33,-7.98,16.595,0,0,0,-0.16,-76.39,17.978,0,0,0,0,0,0,0
22.637,3.14,0,0,0,-3.33,-7.38,16.595,0,0,0,-0.15,-75.93,17.978,0,0,0,0,0,0,0
22.67,3.14,0,0,0,-3.33,-6.78,16.596,0,0,0,-0.15,-75.46,17.978,0,0,0,0,0,0,0
22.663,3.14,0,0,0,-3.32,-6.17,16.596,0,0,0,-0.15,-74.99,17.978,0,0,0,0,0,0,0
22.639,3.14,0,0,0,-3.32,-5.57,16.596,0,0,0,-0.14,-74.52,17.978,0,0,0,0,0,0,0
22.612,3.14,0,0,0,-3.32,-4.96,16.596,0,0,0,-0.14,-74.06,17.978,0,0,0,0,0,0,0
22.584,3.14,0,0,0,-3.31,-4.36,16.596,0,0,0,-0.14,-73.59,17.978,0,0,0,0,0,0,0
22.556,3.14,0,0,0,-3.31,-3.77,16.596,0,0,0,-0.13,-73.13,17.978,0,0,0,0,0,0,0
22.528,3.14,0,0,0,-3.31,-3.17,16.597,0,0,0,-0.13,-72.67,17.978,0,0,0,0,0,0,0
22.499,3.14,0,0,0,-3.3,-2.58,16.597,0,0,0,-0.13,-72.22,17.978,0,0,0,0,0,0,0
22.469,3.14,0,0,0,-3.3,-1.99,16.597,0,0,0,-0.12,-71.77,17.978,0,0,0,0,0,0,0
22.44,3.14,0,0,0,-3.3,-1.41,16.597,0,0,0,-0.12,-71.32,17.978,0,0,0,0,0,0,0
22.411,3.14,0,0,0,-3.29,-0.83,16.597,0,0,0,-0.12,-70.88,17.978,0,0,0,0,0,0,0
22.381,3.14,0,0,0,-3.29,-0.25,16.598,0,0,0,-0.11,-70.43,17.978,0,0,0,0,0,0,0
22.352,3.14,-3.29,1675.89,16.598,0,0,0,0,0,0,-0.1,-69.99,17.978,0,0,0,0,0,0,0
22.323,3.14,-3.28,1674.23,16.598,0,0,0,0,0,0,-0.09,-69.56,17.978,0,0,0,0,0,0,0
22.293,3.14,-3.28,1672.58,16.598,0,0,0,0,0,0,-0.08,-69.12,17.978,0,0,0,0,0,0,0
22.264,3.14,-3.28,1670.92,16.598,0,0,0,0,0,0,-0.07,-68.69,17.978,0,0,0,0,0,0,0
22.235,3.14,-3.27,1669.26,16.598,0,0,0,0,0,0,-0.06,-68.26,17.978,0,0,0,0,0,0,0
22.206,3.14,-3.27,1667.61,16.598,0,0,0,0,0,0,-0.06,-67.84,17.978,0,0,0,0,0,0,0
22.177,3.14,-3.27,1665.95,16.599,0,0,0,0,0,0,-0.05,-67.42,17.978,0,0,0,0,0,0,0
22.148,3.14,-3.26,1664.29,16.599,0,0,0,0,0,0,-0.04,-67,17.978,0,0,0,0,0,0,0
22.119,3.14,-3.26,1662.64,16.599,0,0,0,0,0,0,-0.03,-66.58,17.978,0,0,0,0,0,0,0
22.09,3.14,-3.26,1660.98,16.599,0,0,0,0,0,0,-0.02,-66.17,17.978,0,0,0,0,0,0,0
22.062,3.14,-3.25,1659.32,16.599,0,0,0,0,0,0,-0.02,-65.76,17.978,0,0,0,0,0,0,0
22.035,3.14,-3.25,1657.67,16.599,0,0,0,0,0,0,-0.01,-65.35,17.978,0,0,0,0,0,0,0
22.008,3.14,-3.25,1656.01,16.599,0,0,0,0,0,0,0,-64.94,17.978,0,0,0,0,0,0,0
21.985,3.14,-3.25,1654.35,16.6,0,0,0,0,0,0,0,-64.54,17.978,0,0,0,0,0,0,0
21.969,3.14,-3.24,1652.69,16.6,0,0,0,0,0,0,0.01,-64.14,17.978,0,0,0,0,0,0,0
21.962,3.14,-3.24,1651.03,16.6,0,0,0,0,0,0,0.01,-63.74,17.978,0,0,0,0,0,0,0
21.963,3.14,-3.25,1649.37,16.6,0,0,0,0,0,0,0.02,-63.34,17.978,0,0,0,0,0,0,0
21.974,3.14,-3.25,1647.71,16.6,0,0,0,0,0,0,0.02,-62.94,17.978,0,0,0,0,0,0,0
21.993,3.14,-3.25,1646.04,16.6,0,0,0,0,0,0,0.03,-62.54,17.978,0,0,0,0,0,0,0
22.019,3.14,-3.25,1644.38,16.6,0,0,0,0,0,0,0.03,-62.13,17.978,0,0,0,0,0,0,0
22.051,3.14,-3.25,1642.72,16.6,0,0,0,0,0,0,0.03,-61.73,17.978,0,0,0,0,0,0,0
22.087,3.14,-3.25,1641.06,16.6,0,0,0,0,0,0,0.03,-61.32,17.978,0,0,0,0,0,0,0
22.126,3.14,-3.25,1639.4,16.6,0,0,0,0,0,0,0.03,-60.9,17.978,0,0,0,0,0,0,0
22.166,3.14,-3.25,1637.74,16.6,0,0,0,0,0,0,0.03,-60.49,17.978,0,0,0,0,0,0,0
22.207,3.14,-3.25,1636.08,16.601,0,0,0,0,0,0,0.03,-60.07,17.979,0,0,0,0,0,0,0
22.248,3.14,-3.25,1634.42,16.601,0,0,0,0,0,0,0.03,-59.64,17.979,0,0,0,0,0,0,0
22.289,3.14,-3.24,1632.76,16.601,0,0,0,0,0,0,0.03,-59.21,17.979,0,0,0,0,0,0,0
22.329,3.14,-3.24,1631.1,16.601,0,0,0,0,0,0,0.03,-58.78,17.979,0,0,0,0,0,0,0
22.37,3.14,-3.23,1629.44,16.601,0,0,0,0,0,0,0.03,-58.34,17.979,0,0,0,0,0,0,0
22.409,3.14,-3.23,1627.78,16.601,0,0,0,0,0,0,0.03,-57.89,17.979,0,0,0,0,0,0,0
22.445,3.14,-3.22,1626.12,16.601,0,0,0,0,0,0,0.03,-57.45,17.979,0,0,0,0,0,0,0
22.477,3.14,-3.22,1624.46,16.601,0,0,0,0,0,0,0.03,-57,17.979,0,0,0,0,0,0,0
22.502,3.14,-3.21,1622.8,16.601,0,0,0,0,0,0,0.03,-56.55,17.979,0,0,0,0,0,0,0
22.515,3.14,-3.21,1621.14,16.601,0,0,0,0,0,0,0.03,-56.09,17.979,0,0,0,0,0,0,0
22.517,3.14,-3.2,1619.48,16.601,0,0,0,0,0,0,0.03,-55.64,17.979,0,0,0,0,0,0,0
22.506,3.14,-3.2,1617.82,16.601,0,0,0,0,0,0,0.03,-55.18,17.979,0,0,0,0,0,0,0
22.485,3.14,-3.19,1616.17,16.601,0,0,0,0,0,0,0.03,-54.73,17.979,0,0,0,0,0,0,0
22.459,3.14,-3.18,1614.51,16.601,0,0,0,0,0,0,0.03,-54.28,17.979,0,0,0,0,0,0,0
22.431,3.14,-3.18,1612.85,16.601,0,0,0,0,0,0,0.03,-53.83,17.979,0,0,0,0,0,0,0
22.404,3.14,-3.17,1611.19,16.601,0,0,0,0,0,0,0.03,-53.39,17.979,0,0,0,0,0,0,0
22.376,3.14,-3.17,1609.53,16.601,0,0,0,0,0,0,0.03,-52.95,17.979,0,0,0,0,0,0,0
22.347,3.14,-3.16,1607.87,16.601,-3.05,-99.67,12.447,0,0,0,0.03,-52.51,17.979,0,0,0,0,0,0,0
22.318,3.14,-3.16,1606.21,16.601,-3.05,-98.68,12.458,0,0,0,0.04,-52.07,17.979,0,0,0,0,0,0,0
22.289,3.14,-3.15,1604.55,16.601,-3.05,-97.7,12.468,0,0,0,0.04,-51.64,17.979,0,0,0,0,0,0,0
22.26,3.14,-3.14,1602.89,16.602,-3.05,-96.72,12.479,0,0,0,0.04,-51.21,17.979,0,0,0,0,0,0,0
22.231,3.14,-3.14,1601.23,16.602,-3.05,-95.75,12.489,0,0,0,0.04,-50.78,17.979,0,0,0,0,0,0,0
22.202,3.14,-3.13,1599.57,16.602,-3.04,-94.78,12.5,0,0,0,0.04,-50.35,17.979,0,0,0,0,0,0,0
22.173,3.14,-3.13,1597.91,16.602,-3.04,-93.81,12.496,0,0,0,0.04,-49.93,17.979,0,0,0,0,0,0,0
22.144,3.14,-3.13,1596.26,16.602,-3.04,-92.84,12.488,0,0,0,0.04,-49.51,17.979,0,0,0,0,0,0,0
22.115,3.14,-3.12,1594.6,16.602,-3.04,-91.88,12.491,0,0,0,0.05,-49.1,17.979,0,0,0,0,0,0,0
22.086,3.14,-3.12,1592.94,16.602,-3.03,-90.92,12.501,0,0,0,0.05,-48.68,17.979,0,0,0,0,0,0,0
22.057,3.14,-3.12,1591.29,16.602,-3.03,-89.96,12.505,0,0,0,0.05,-48.27,17.979,0,0,0,0,0,0,0
22.028,3.14,-3.11,1589.63,16.602,-3.03,-89.01,12.502,0,0,0,0.06,-47.87,17.979,0,0,0,0,0,0,0
22,3.14,-3.11,1587.98,16.602,-3.02,-88.06,12.509,0,0,0,0.06,-47.46,17.979,0,0,0,0,0,0,0
21.971,3.14,-3.1,1586.32,16.602,-3.02,-87.11,12.503,0,0,0,0.07,-47.06,17.979,0,0,0,0,0,0,0
21.942,3.14,-3.1,1584.67,16.602,-3.01,-86.16,12.513,0,0,0,0.07,-46.66,17.979,0,0,0,0,0,0,0
21.914,3.14,-3.09,1583.01,16.602,-3.01,-85.22,12.505,0,0,0,0.08,-46.27,17.979,0,0,0,0,0,0,0
21.885,3.14,-3.09,1581.35,16.602,-3,-84.28,12.498,0,0,0,0.08,-45.87,17.979,0,0,0,0,0,0,0
21.857,3.14,-3.08,1579.7,16.602,-3,-83.34,12.49,0,0,0,0.09,-45.48,17.979,0,0,0,0,0,0,0
21.828,3.14,-3.08,1578.04,16.602,-2.99,-82.41,12.495,0,0,0,0.09,-45.1,17.979,0,0,0,0,0,0,0
21.8,3.14,-3.07,1576.39,16.602,-2.99,-81.48,12.494,0,0,0,0.1,-44.71,17.979,0,0,0,3.28,-99.26,13.883,0
21.771,3.14,-3.07,1574.74,16.602,-2.98,-80.55,12.495,0,0,0,0.1,-44.33,17.979,0,0,0,3.28,-98.47,13.879,0
21.743,3.14,-3.06,1573.08,16.602,-2.98,-79.62,12.499,0,0,0,0.11,-43.95,17.979,0,0,0,3.29,-97.68,13.882,0
21.715,3.14,-3.06,1571.43,16.602,-2.97,-78.7,12.496,0,0,0,0.11,-43.57,17.979,0,0,0,3.29,-96.9,13.885,0
21.687,3.14,-3.05,1569.77,16.603,-2.96,-77.78,12.503,0,0,0,0.12,-43.2,17.979,0,0,0,3.3,-96.11,13.888,0
21.659,3.14,-3.05,1568.12,16.603,-2.96,-76.86,12.497,0,0,0,0.13,-42.83,17.979,0,0,0,3.31,-95.33,13.89,0
21.63,3.14,-3.04,1566.46,16.603,-2.95,-75.95,12.507,0,0,0,0.13,-42.46,17.979,0,0,0,3.31,-94.55,13.879,0
21.602,3.14,-3.04,1564.81,16.603,-2.95,-75.04,12.499,0,0,0,0.14,-42.1,17.979,0,0,0,3.32,-93.78,13.882,0
21.574,3.14,-3.03,1563.15,16.603,-2.94,-74.13,12.492,0,0,0,0.14,-41.74,17.979,0,0,0,3.32,-93.01,13.885,0
21.546,3.14,-3.02,1561.5,16.603,-2.94,-73.22,12.498,0,0,0,0.15,-41.38,17.979,0,0,0,3.33,-92.24,13.888,0
21.519,3.14,-3.02,1559.84,16.603,-2.93,-72.32,12.496,0,0,0,0.15,-41.02,17.979,0,0,0,3.33,-91.47,13.891,0
21.491,3.14,-3.01,1558.19,16.603,-2.93,-71.42,12.499,0,0,0,0.16,-40.67,17.979,0,0,0,3.34,-90.71,13.885,0
21.463,3.14,-3.01,1556.53,16.603,-2.92,-70.52,12.5,0,0,0,0.16,-40.32,17.979,0,0,0,3.34,-89.95,13.881,0
21.435,3.14,-3,1554.88,16.603,-2.92,-69.63,12.5,0,0,0,0.17,-39.97,17.979,0,0,0,3.35,-89.19,13.884,0
21.408,3.14,-3,1553.22,16.603,-2.91,-68.73,12.505,0,0,0,0.17,-39.62,17.979,0,0,0,3.35,-88.43,13.887,0
21.38,3.14,-2.99,1551.57,16.603,-2.91,-67.84,12.501,0,0,0,0.18,-39.28,17.979,0,0,0,3.36,-87.68,13.887,0
21.352,3.14,-2.99,1549.91,16.603,-2.9,-66.96,12.509,0,0,0,0.18,-38.94,17.979,0,0,0,3.36,-86.93,13.878,0
21.325,3.14,-2.98,1548.26,16.603,-2.9,-66.07,12.501,0,0,0,0.19,-38.6,17.98,0,0,0,3.37,-86.18,13.881,0
21.256,3.14,-2.98,1546.6,16.603,-2.89,-65.19,12.493,0,0,0,0.19,-38.27,17.98,0,0,0,3.37,-85.44,13.884,0
21.02,3.14,-2.97,1544.95,16.603,-2.89,-64.33,12.486,0,0,0,0.2,-37.95,17.98,0,0,0,3.38,-84.71,13.886,0
20.915,3.14,-2.97,1543.29,16.603,-2.88,-63.49,12.492,0,0,0,0.2,-37.66,17.98,0,0,0,3.38,-84.01,13.889,0
20.889,3.14,-2.96,1541.63,16.603,-2.88,-62.65,12.503,0,0,0,0.21,-37.36,17.98,0,0,0,3.39,-83.3,13.883,0
20.863,3.14,-2.96,1539.98,16.603,-2.87,-61.81,12.502,0,0,0,0.21,-37.07,17.98,0,0,0,3.39,-82.6,13.88,0
20.622,3.14,-2.96,1538.32,16.603,-2.87,-60.98,12.504,0,0,0,0.22,-36.79,17.98,0,0,0,3.4,-81.91,13.883,0
20.101,3.14,-2.95,1536.67,16.603,-2.86,-60.19,12.507,0,0,0,0.22,-36.55,17.98,0,0,0,3.4,-81.26,13.886,0
19.597,3.14,-2.95,1535.01,16.603,-2.86,-59.46,12.504,0,0,0,0.22,-36.36,17.98,0,0,0,3.4,-80.66,13.889,0
19.204,3.14,-2.94,1533.35,16.603,-2.86,-58.77,12.511,0,0,0,0.23,-36.22,17.98,0,0,0,3.41,-80.11,13.889,0
19.013,3.14,-2.94,1531.7,16.603,-2.85,-58.11,12.503,0,0,0,0.23,-36.11,17.98,0,0,0,3.41,-79.59,13.879,0
18.991,3.14,-2.94,1530.04,16.603,-2.85,-57.46,12.495,0,0,0,0.23,-36.01,17.98,0,0,0,3.41,-79.08,13.882,0
18.968,3.14,-2.94,1528.38,16.603,-2.86,-56.81,12.487,0,0,0,0.23,-35.91,17.98,0,0,0,3.41,-78.56,13.885,0
18.946,3.14,-2.94,1526.71,16.603,-2.86,-56.17,12.496,0,0,0,0.23,-35.81,17.98,0,0,0,3.41,-78.06,13.888,0
18.923,3.14,-2.95,1525.05,16.603,-2.86,-55.52,12.492,0,0,0,0.22,-35.71,17.98,0,0,0,3.4,-77.55,13.891,0
18.9,3.14,-2.95,1523.39,16.603,-2.86,-54.88,12.497,0,0,0,0.22,-35.62,17.98,0,0,0,3.4,-77.04,13.884,0
18.877,3.14,-2.95,1521.72,16.603,-2.87,-54.24,12.496,0,0,0,0.22,-35.52,17.98,0,0,0,3.4,-76.54,13.882,0
18.854,3.14,-2.96,1520.06,16.603,-2.87,-53.61,12.498,0,0,0,0.21,-35.43,17.98,0,0,0,3.39,-76.04,13.885,0
18.83,3.14,-2.96,1518.4,16.603,-2.87,-52.97,12.508,0,0,0,0.21,-35.35,17.98,0,0,0,3.39,-75.54,13.888,0
18.807,3.14,-2.96,1516.73,16.604,-2.88,-52.34,12.513,0,0,0,0.21,-35.26,17.98,0,0,0,3.39,-75.05,13.886,0
18.784,3.14,-2.96,1515.07,16.604,-2.88,-51.71,12.505,0,0,0,0.21,-35.18,17.98,0,0,0,3.39,-74.56,13.878,0
18.766,3.14,-2.97,1513.41,16.604,-2.88,-51.08,12.497,0,0,0,0.2,-35.1,17.98,0,0,0,3.38,-74.07,13.881,0
18.774,3.14,-2.97,1511.75,16.604,-2.88,-50.46,12.489,0,0,0,0.2,-35.02,17.98,0,0,0,3.38,-73.58,13.884,0
18.804,3.14,-2.97,1510.08,16.604,-2.88,-49.83,12.5,0,0,0,0.2,-34.94,17.98,0,0,0,3.38,-73.08,13.887,0
18.844,3.14,0,0,0,-2.89,-49.2,12.494,0,0,0,0.2,-34.85,17.98,0,0,0,3.38,-72.59,13.89,0
18.834,3.14,0,0,0,-2.89,-48.56,12.501,0,0,0,0.2,-34.77,17.98,0,0,0,3.38,-72.09,13.882,0
18.922,3.14,0,0,0,-2.89,-47.93,12.498,0,0,0,0.19,-34.68,17.98,0,0,0,3.37,-71.59,13.881,0
19.031,3.14,0,0,0,-2.89,-47.28,12.501,0,0,0,0.19,-34.58,17.98,0,0,0,3.37,-71.08,13.884,0
19.145,3.14,0,0,0,-2.9,-46.62,12.503,0,0,0,0.19,-34.46,17.98,0,0,0,3.37,-70.56,13.887,0
19.26,3.14,0,0,0,-2.9,-45.95,12.502,0,0,0,0.19,-34.34,17.98,0,0,0,3.37,-70.03,13.889,0
19.376,3.14,0,0,0,-2.9,-45.27,12.507,0,0,0,0.18,-34.2,17.98,0,0,0,3.36,-69.48,13.888,0
19.496,3.14,0,0,0,-2.9,-44.57,12.499,0,0,0,0.18,-34.06,17.98,0,0,0,3.36,-68.92,13.88,0
19.618,3.14,0,0,0,-2.91,-43.87,12.491,0,0,0,0.18,-33.9,17.98,0,0,0,3.36,-68.35,13.883,0
19.74,3.14,0,0,0,-2.91,-43.15,12.483,0,0,0,0.18,-33.73,17.98,0,0,0,3.36,-67.77,13.886,0
19.863,3.14,0,0,0,-2.91,-42.42,12.494,0,0,0,0.17,-33.54,17.98,0,0,0,3.35,-67.18,13.889,0
19.986,3.14,0,0,0,-2.91,-41.68,12.504,0,0,0,0.17,-33.35,17.98,0,0,0,3.35,-66.57,13.879,0
20.109,3.14,0,0,0,-2.92,-40.92,12.5,0,0,0,0.17,-33.14,17.98,0,0,0,3.35,-65.96,13.879,0
20.232,3.14,0,0,0,-2.92,-40.16,12.505,0,0,0,0.17,-32.92,17.98,0,0,0,3.35,-65.33,13.882,0
20.354,3.14,0,0,0,-2.92,-39.38,12.505,0,0,0,0.17,-32.69,17.98,0,0,0,3.35,-64.68,13.885,0
20.476,3.14,0,0,0,-2.92,-38.58,12.506,0,0,0,0.16,-32.44,17.98,0,0,0,3.34,-64.03,13.888,0
20.597,3.14,0,0,0,-2.93,-37.78,12.509,0,0,0,0.16,-32.19,17.98,0,0,0,3.34,-63.36,13.886,0
20.719,3.14,0,0,0,-2.93,-36.97,12.501,0,0,0,0.15,-31.92,17.98,0,0,0,3.33,-62.68,13.879,0
20.84,3.14,0,0,0,-2.93,-36.14,12.493,0,0,0,0.15,-31.64,17.98,0,0,0,3.33,-61.99,13.882,0
20.96,3.14,0,0,0,-2.94,-35.3,12.487,0,0,0,0.15,-31.34,17.98,0,0,0,3.33,-61.29,13.885,0
21.08,3.14,0,0,0,-2.94,-34.45,12.498,0,0,0,0.14,-31.04,17.98,0,0,0,3.32,-60.57,13.888,0
21.2,3.14,0,0,0,-2.95,-33.58,12.49,0,0,0,0.14,-30.72,17.98,0,0,0,3.32,-59.84,13.891,0
21.32,3.14,0,0,0,-2.95,-32.71,12.498,0,0,0,0.13,-30.39,17.98,0,0,0,3.31,-59.1,13.881,0
21.44,3.14,0,0,0,-2.96,-31.82,12.494,0,0,0,0.13,-30.05,17.98,0,0,0,3.31,-58.35,13.881,0
21.625,3.14,0,0,0,-2.96,-30.91,12.499,0,0,0,0.12,-29.69,17.98,0,0,0,3.3,-57.59,13.884,0
21.743,3.14,0,0,0,-2.97,-30,12.51,0,0,0,0.12,-29.32,17.98,0,0,0,3.3,-56.8,13.887,0
21.838,3.14,0,0,0,-2.97,-29.07,12.511,0,0,0,0.11,-28.94,17.98,0,0,0,3.29,-56.01,13.89,0
21.923,3.14,0,0,0,-2.98,-28.13,12.503,0,0,0,0.11,-28.55,17.98,0,0,0,3.29,-55.21,13.887,0
22.006,3.14,0,0,0,-2.98,-27.18,12.495,0,0,0,0.1,-28.15,17.98,0,0,0,3.28,-54.4,13.881,0
22.089,3.14,0,0,0,-2.99,-26.23,12.491,0,0,0,0.1,-27.74,17.98,0,0,0,3.28,-53.58,13.884,0
22.171,3.14,0,0,0,-2.99,-25.26,12.5,0,0,0,0.09,-27.32,17.98,0,0,0,3.27,-52.76,13.887,0
22.252,3.14,0,0,0,-3,-24.29,12.492,0,0,0,0.09,-26.9,17.98,0,0,0,3.27,-51.92,13.89,0
22.331,3.14,0,0,0,-3,-23.31,12.502,0,0,0,0.08,-26.47,17.98,0,0,0,3.27,-51.08,13.879,0
22.389,3.14,0,0,0,-3,-22.33,12.496,0,0,0,0.08,-26.03,17.98,0,0,0,3.26,-50.23,13.88,0
22.4,3.14,0,0,0,-3.01,-21.34,12.503,0,0,0,0.08,-25.58,17.98,0,0,0,3.26,-49.38,13.883,0
22.379,3.14,0,0,0,-3.01,-20.35,12.5,0,0,0,0.07,-25.14,17.98,0,0,0,3.25,-48.52,13.886,0
22.34,3.14,0,0,0,-3.01,-19.36,12.504,0,0,0,0.07,-24.7,17.98,0,0,0,3.25,-47.67,13.889,0
22.012,3.14,0,0,0,-3.02,-18.39,12.505,0,0,0,0.07,-24.28,17.98,0,0,0,3.25,-46.84,13.885,0
21.209,3.14,0,0,0,-3.02,-17.48,12.497,0,0,0,0.06,-23.91,17.98,0,0,0,3.24,-46.06,13.88,0
20.361,3.14,0,0,0,-3.03,-16.65,12.495,0,0,0,0.06,-23.63,17.98,0,0,0,3.24,-45.37,13.882,0
19.758,3.14,0,0,0,-3.03,-15.9,12.501,0,0,0,0.05,-23.43,17.98,0,0,0,3.23,-44.76,13.885,0
19.786,3.14,0,0,0,-3.04,-15.17,12.495,0,0,0,0.05,-23.25,17.98,0,0,0,3.23,-44.17,13.888,0
19.763,3.14,0,0,0,-3.04,-14.44,12.506,0,0,0,0.04,-23.07,17.98,0,0,0,3.22,-43.58,13.891,0
19.739,3.14,0,0,0,-3.05,-13.72,12.498,0,0,0,0.04,-22.89,17.98,0,0,0,3.22,-42.99,13.88,0
19.715,3.14,0,0,0,-3.06,-13,12.507,0,0,0,0.03,-22.71,17.98,0,0,0,3.21,-42.4,13.882,0
19.412,3.14,0,0,0,-3.06,-12.28,12.502,0,0,0,0.02,-22.55,17.98,0,0,0,3.2,-41.83,13.885,0
18.717,3.14,0,0,0,-3.07,-11.63,12.507,0,0,0,0.01,-22.44,17.98,0,0,0,3.19,-41.31,13.888,0
18.061,3.14,0,0,0,-3.08,-11.04,12.507,0,0,0,0.01,-22.4,17.98,0,0,0,3.19,-40.86,13.882,0
17.762,3.14,0,0,0,-3.08,-10.5,12.499,0,0,0,0,-22.41,17.98,0,0,0,3.18,-40.46,13.878,0
17.747,3.14,0,0,0,-3.09,-9.98,12.491,0,0,0,-0.01,-22.43,17.98,0,0,0,3.17,-40.07,13.881,0
17.727,3.14,0,0,0,-3.1,-9.46,12.489,0,0,0,-0.02,-22.45,17.98,0,0,0,3.16,-39.68,13.884,0
17.706,3.14,0,0,0,-3.11,-8.93,12.495,0,0,0,-0.03,-22.48,17.98,0,0,0,3.15,-39.3,13.887,0
17.686,3.14,0,0,0,-3.12,-8.41,12.489,0,0,0,-0.03,-22.51,17.98,0,0,0,3.15,-38.92,13.889,0
17.689,3.14,0,0,0,-3.13,-7.9,12.5,0,0,0,-0.04,-22.54,17.98,0,0,0,3.14,-38.53,13.878,0
17.534,3.14,0,0,0,-3.14,-7.38,12.51,0,0,0,-0.05,-22.57,17.98,0,0,0,3.13,-38.16,13.881,0
17.589,3.14,0,0,0,-3.14,-6.88,12.504,0,0,0,-0.06,-22.61,17.98,0,0,0,3.12,-37.79,13.884,0
17.766,3.14,0,0,0,-3.15,-6.36,12.511,0,0,0,-0.07,-22.64,17.98,0,0,0,3.11,-37.41,13.887,0
17.954,3.14,0,0,0,-3.16,-5.83,12.509,0,0,0,-0.08,-22.65,17.98,0,0,0,3.1,-37.01,13.89,0
18.142,3.14,0,0,0,-3.17,-5.27,12.501,0,0,0,-0.09,-22.65,17.98,0,0,0,3.09,-36.59,13.884,0
18.33,3.14,0,0,0,-3.18,-4.7,12.493,0,0,0,-0.09,-22.62,17.98,0,0,0,3.09,-36.16,13.88,0
18.517,3.14,0,0,0,-3.19,-4.11,12.492,0,0,0,-0.1,-22.57,17.98,0,0,0,3.08,-35.7,13.883,0
18.705,3.14,0,0,0,-3.19,-3.49,12.497,0,0,0,-0.11,-22.51,17.98,0,0,0,3.07,-35.23,13.886,0
18.892,3.14,0,0,0,-3.2,-2.86,12.493,0,0,0,-0.12,-22.43,17.98,0,0,0,3.06,-34.73,13.889,0
19.08,3.14,0,0,0,-3.21,-2.22,12.502,0,0,0,-0.13,-22.32,17.98,0,0,0,3.05,-34.22,13.891,0
19.267,3.14,0,0,0,-3.22,-1.55,12.494,0,0,0,-0.13,-22.2,17.98,0,0,0,3.05,-33.69,13.88,0
19.455,3.14,0,0,0,-3.23,-0.86,12.504,0,0,0,-0.14,-22.06,17.98,0,0,0,3.04,-33.14,13.883,0
19.642,3.14,0,0,0,-3.23,-0.16,12.498,0,0,0,-0.15,-21.91,17.98,0,0,0,3.03,-32.57,13.886,0
19.957,3.14,-3.24,1325.84,12.505,-3.48,-23.97,12.493,0,0,0,-0.16,-21.72,17.98,0,0,0,3.02,-31.98,13.888,0
20.138,3.14,-3.25,1324.58,12.503,-3.48,-23.22,12.496,0,0,0,-0.16,-21.51,17.98,0,0,0,3.02,-31.36,13.882,0
20.281,3.14,-3.26,1323.33,12.495,-3.49,-22.45,12.504,0,0,0,-0.17,-21.29,17.98,0,0,0,3.01,-30.73,13.879,0
20.418,3.14,-3.26,1322.07,12.496,-3.5,-21.66,12.503,0,0,0,-0.18,-21.05,17.98,0,0,0,3,-30.08,13.882,0
20.553,3.14,-3.27,1320.81,12.499,-3.51,-20.86,12.501,0,0,0,-0.19,-20.8,17.98,0,0,0,3,-29.42,13.885,0
20.689,3.14,-3.28,1319.56,12.497,-3.51,-20.05,12.504,0,0,0,-0.19,-20.54,17.98,0,0,0,2.99,-28.74,13.888,0
20.846,3.14,-3.28,1318.3,12.504,-3.52,-19.23,12.498,0,0,0,-0.2,-20.26,17.98,0,0,0,2.98,-28.05,13.888,0
20.925,3.14,-3.29,1317.04,12.498,-3.52,-18.39,12.504,0,0,0,-0.2,-19.96,17.98,0,0,0,2.98,-27.35,13.878,0
20.92,3.14,-3.3,1315.79,12.508,-3.53,-17.54,12.494,0,0,0,-0.21,-19.67,17.98,0,0,0,2.97,-26.64,13.881,0
20.874,3.14,-3.3,1314.53,12.5,-3.54,-16.7,12.503,0,0,0,-0.22,-19.37,17.98,0,0,0,2.96,-25.94,13.884,0
20.585,3.14,-3.31,1313.28,12.509,-3.54,-15.88,12.495,0,0,0,-0.22,-19.09,17.98,0,0,0,2.96,-25.25,13.887,0
19.803,3.14,-3.32,1312.02,12.505,-3.55,-15.1,12.5,0,0,0,-0.23,-18.87,17.98,0,0,0,2.95,-24.61,13.89,0
18.834,3.14,-3.32,1310.76,12.497,-3.56,-14.42,12.495,0,0,0,-0.23,-18.73,17.98,0,0,0,2.95,-24.07,13.883,0
17.976,3.14,-3.33,1309.51,12.489,-3.56,-13.83,12.497,0,0,0,-0.24,-18.69,17.98,0,0,0,2.94,-23.62,13.881,0
17.39,3.14,-3.34,1308.25,12.49,-3.57,-13.32,12.496,0,0,0,-0.25,-18.72,17.98,0,0,0,2.93,-23.24,13.884,0
17.281,3.14,-3.34,1306.99,12.493,-3.58,-12.84,12.493,0,0,0,-0.26,-18.79,17.98,0,0,0,2.92,-22.9,13.887,0
17.271,3.14,-3.35,1305.73,12.491,-3.59,-12.36,12.502,0,0,0,-0.27,-18.86,17.98,0,0,0,2.92,-22.56,13.89,0
17.134,3.14,0,0,0,-3.59,-11.89,12.507,0,0,0,-0.27,-18.94,17.98,0,0,0,2.91,-22.22,13.89,0
16.559,3.14,0,0,0,-3.6,-11.45,12.499,0,0,0,-0.28,-19.05,17.98,0,0,0,2.9,-21.92,13.88,0
15.754,3.14,0,0,0,-3.61,-11.09,12.507,0,0,0,-0.29,-19.23,17.98,0,0,0,2.89,-21.69,13.883,0
15.4,3.14,0,0,0,-3.62,-10.79,12.497,0,0,0,-0.3,-19.48,17.98,0,0,0,2.88,-21.53,13.886,0
15.39,3.14,0,0,0,-3.63,-10.5,12.504,0,0,0,-0.31,-19.73,17.98,0,0,0,2.87,-21.38,13.889,0
15.372,3.14,0,0,0,-3.64,-10.21,12.498,0,0,0,-0.32,-19.99,17.98,0,0,0,2.86,-21.22,13.881,0
15.355,3.14,0,0,0,-3.64,-9.92,12.501,0,0,0,-0.32,-20.25,17.98,0,0,0,2.86,-21.07,13.88,0
15.35,3.14,0,0,0,-3.65,-9.64,12.498,0,0,0,-0.33,-20.51,17.98,0,0,0,2.85,-20.93,13.883,0
15.096,3.14,0,0,0,-3.65,-9.36,12.498,0,0,0,-0.33,-20.79,17.98,0,0,0,2.85,-20.79,13.886,0
14.955,3.14,0,0,0,-3.65,-9.12,12.499,0,0,0,-0.33,-21.08,17.98,0,0,0,2.84,-20.68,13.889,0
15.145,3.14,0,0,0,-3.66,-8.86,12.495,0,0,0,-0.34,-21.38,17.98,0,0,0,2.84,-20.56,13.887,0
15.408,3.14,0,0,0,-3.66,-8.58,12.499,0,0,0,-0.34,-21.65,17.98,0,0,0,2.84,-20.42,13.879,0
15.671,3.14,0,0,0,-3.66,-8.28,12.491,0,0,0,-0.34,-21.89,17.98,0,0,0,2.84,-20.25,13.882,0
15.933,3.14,0,0,0,-3.66,-7.95,12.5,0,0,0,-0.34,-22.11,17.98,0,0,0,2.84,-20.06,13.885,0
16.195,3.14,0,0,0,-3.66,-7.59,12.508,0,0,0,-0.34,-22.3,17.98,0,0,0,2.83,-19.84,13.888,0
16.458,3.14,0,0,0,-3.66,-7.21,12.5,0,0,0,-0.34,-22.46,17.98,0,0,0,2.83,-19.59,13.891,0
16.721,3.14,0,0,0,-3.66,-6.8,12.505,0,0,0,-0.34,-22.6,17.98,0,0,0,2.83,-19.32,13.883,0
16.984,3.14,0,0,0,-3.66,-6.37,12.501,0,0,0,-0.34,-22.71,17.98,0,0,0,2.83,-19.02,13.882,0
17.247,3.14,0,0,0,-3.66,-5.9,12.502,0,0,0,-0.34,-22.79,17.98,0,0,0,2.83,-18.69,13.885,0
17.511,3.14,0,0,0,-3.66,-5.42,12.501,0,0,0,-0.34,-22.85,17.98,0,0,0,2.83,-18.34,13.888,0
17.775,3.14,0,0,0,-3.66,-4.9,12.499,0,0,0,-0.34,-22.89,17.98,0,0,0,2.84,-17.97,13.885,0
18.169,3.14,0,0,0,-3.66,-4.35,12.502,0,0,0,-0.34,-22.88,17.98,0,0,0,2.84,-17.55,13.878,0
18.276,3.14,0,0,0,-3.66,-3.77,12.496,0,0,0,-0.34,-22.85,17.98,0,0,0,2.84,-17.11,13.881,0
18.153,3.14,0,0,0,-3.66,-3.21,12.502,0,0,0,-0.34,-22.83,17.98,0,0,0,2.84,-16.68,13.884,0
18.55,3.14,0,0,0,-3.65,-2.62,12.492,0,0,0,-0.33,-22.79,17.98,0,0,0,2.84,-16.23,13.887,0
18.682,3.14,0,0,0,-3.65,-2,12.501,0,0,0,-0.33,-22.72,17.98,0,0,0,2.84,-15.75,13.89,0
18.791,3.14,0,0,0,-3.65,-1.38,12.493,0,0,0,-0.33,-22.65,17.98,0,0,0,2.84,-15.27,13.881,0
18.974,3.14,0,0,0,-3.65,-0.74,12.498,0,0,0,-0.33,-22.56,17.98,0,0,0,2.84,-14.76,13.881,0
19.162,3.14,0,0,0,-3.65,-0.09,12.493,0,0,0,-0.32,-22.45,17.98,0,0,0,2.85,-14.24,13.884,0
19.35,3.14,-3.64,1243.63,12.495,0,0,0,0,0,0,-0.32,-22.32,17.98,0,0,0,2.85,-13.71,13.887,0
19.566,3.14,-3.64,1242.39,12.503,0,0,0,0,0,0,-0.32,-22.17,17.98,0,0,0,2.86,-13.15,13.89,0
19.793,3.14,-3.63,1241.14,12.504,0,0,0,0,0,0,-0.31,-22,17.98,0,0,0,2.86,-12.56,13.887,0
19.835,3.14,-3.63,1239.9,12.5,0,0,0,0,0,0,-0.31,-21.81,17.98,0,0,0,2.86,-11.97,13.881,0
19.825,3.14,-3.62,1238.65,12.505,0,0,0,0,0,0,-0.3,-21.62,17.98,0,0,0,2.86,-11.37,13.884,0
19.805,3.14,-3.61,1237.41,12.497,0,0,0,0,0,0,-0.29,-21.44,17.98,0,0,0,2.86,-10.78,13.887,0
19.782,3.14,-3.61,1236.17,12.505,0,0,0,0,0,0,-0.29,-21.26,17.98,0,0,0,2.87,-10.18,13.89,0
19.759,3.15,-3.6,1234.92,12.495,0,0,0,0,0,0,-0.28,-21.08,17.98,0,0,0,2.87,-9.59,13.879,0
19.736,3.15,-3.59,1233.68,12.502,0,0,0,0,0,0,-0.27,-20.9,17.98,0,0,0,2.87,-9.01,13.88,0
19.712,3.15,-3.58,1232.44,12.496,0,0,0,0,0,0,-0.26,-20.72,17.98,0,0,0,2.87,-8.42,13.883,0
19.688,3.15,-3.58,1231.19,12.499,0,0,0,0,0,0,-0.26,-20.55,17.98,0,0,0,2.88,-7.84,13.886,4
19.664,3.15,-3.57,1229.95,12.496,0,0,0,0,0,0,-0.25,-20.38,17.98,0,0,0,2.88,-7.26,13.889,4
19.64,3.15,-3.56,1228.71,12.496,0,0,0,0,0,0,-0.24,-20.21,17.98,0,0,0,2.88,-6.68,13.885,4
19.615,3.15,-3.55,1227.47,12.497,0,0,0,0,0,0,-0.23,-20.04,17.98,0,0,0,2.88,-6.1,13.88,4
19.591,3.15,-3.55,1226.23,12.492,0,0,0,0,0,0,-0.23,-19.88,17.98,0,0,0,2.89,-5.53,13.883,4
19.567,3.15,-3.54,1224.99,12.501,0,0,0,0,0,0,-0.22,-19.72,17.98,0,0,0,2.89,-4.96,13.886,4
19.542,3.15,-3.52,1223.75,12.508,0,0,0,0,0,0,-0.2,-19.56,17.98,0,0,0,2.91,-4.39,13.889,4
19.517,3.15,-3.49,1222.53,12.498,0,0,0,0,0,0,-0.17,-19.41,17.98,0,0,0,2.93,-3.82,13.892,4
19.492,3.16,-3.45,1221.32,12.506,0,0,0,0,0,0,-0.13,-19.25,17.98,0,0,0,2.97,-3.26,13.881,4
19.468,3.17,-3.39,1220.13,12.498,0,0,0,0,0,0,-0.07,-19.1,17.98,0,0,0,3.02,-2.7,13.883,4
19.444,3.17,-3.32,1218.95,12.503,0,0,0,0,0,0,0,-18.96,17.98,0,0,0,3.08,-2.14,13.886,4
19.42,3.18,-3.24,1217.78,12.499,0,0,0,0,0,0,0.08,-18.81,17.98,0,0,0,3.16,-1.59,13.889,4
19.396,3.19,-3.14,1216.63,12.5,0,0,0,0,0,0,0.18,-18.67,17.98,0,0,0,3.25,-1.04,13.883,4
19.372,3.2,-3.03,1215.5,12.499,0,0,0,0,0,0,0.29,-18.54,17.98,0,0,0,3.36,-0.49,13.879,4
19.349,3.2,-2.9,1214.37,12.497,0,0,0,0,0,0,0.42,-18.4,17.98,3.48,0.06,13.882,0,0,0,4
19.325,3.21,-2.76,1213.26,12.5,0,0,0,0,0,0,0.56,-18.27,17.98,3.62,0.6,13.885,0,0,0,4
19.302,3.22,-2.62,1212.16,12.494,0,0,0,0,0,0,0.7,-18.14,17.98,3.77,1.14,13.888,0,0,0,4
19.279,3.22,-2.46,1211.06,12.5,0,0,0,0,0,0,0.86,-18.01,17.98,3.93,1.67,13.89,0,0,0,4
19.257,3.22,-2.3,1209.97,12.49,0,0,0,0,0,0,1.02,-17.89,17.98,4.09,2.2,13.879,0,0,0,4
19.234,3.23,-2.13,1208.89,12.499,0,0,0,0,0,0,1.19,-17.77,17.98,4.25,2.74,13.882,0,0,0,4
19.211,3.23,-1.97,1207.81,12.507,0,0,0,0,0,0,1.35,-17.65,17.98,4.42,3.26,13.885,0,0,0,4
19.188,3.23,0,0,0,0,0,0,-1.8,22.32,12.501,0,0,0,0,0,0,1.52,-17.54,17.98,4
19.166,3.23,0,0,0,0,0,0,-1.63,22.98,12.491,0,0,0,0,0,0,1.69,-17.42,17.98,4
19.143,3.23,0,0,0,0,0,0,-1.46,23.64,12.482,0,0,0,0,0,0,1.86,-17.31,17.98,4
19.121,3.23,0,0,0,0,0,0,-1.29,24.29,12.472,0,0,0,0,0,0,2.03,-17.2,17.98,4
19.098,3.23,0,0,0,0,0,0,-1.12,24.95,12.462,0,0,0,0,0,0,2.2,-17.1,17.98,4
19.076,3.23,0,0,0,0,0,0,-0.95,25.6,12.452,0,0,0,0,0,0,2.37,-16.99,17.98,4
19.053,3.23,0,0,0,0,0,0,-0.79,26.26,12.443,0,0,0,0,0,0,2.53,-16.89,17.98,4
19.03,3.22,0,0,0,0,0,0,-0.64,26.91,12.433,0,0,0,0,0,0,2.68,-16.79,17.98,4
19.008,3.22,0,0,0,0,0,0,-0.5,27.57,12.423,0,0,0,0,0,0,2.82,-16.69,17.98,4
18.985,3.21,0,0,0,0,0,0,-0.37,28.22,12.432,0,0,0,0,0,0,2.95,-16.59,17.98,4
18.962,3.21,0,0,0,0,0,0,-0.25,28.87,12.457,0,0,0,0,0,0,3.07,-16.5,17.98,4
18.939,3.2,0,0,0,0,0,0,-0.15,29.51,12.498,0,0,0,0,0,0,3.17,-16.4,17.98,4
18.915,3.19,0,0,0,0,0,0,-0.07,30.15,12.505,0,0,0,0,0,0,3.25,-16.31,17.98,4
18.892,3.18,0,0,0,0,0,0,0,30.79,12.495,0,0,0,0,0,0,3.31,-16.22,17.981,4
18.869,3.17,0,0,0,0,0,0,0.05,31.42,12.494,0,0,0,0,0,0,3.36,-16.13,17.981,4
18.846,3.16,0,0,0,0,0,0,0.08,32.06,12.51,0,0,0,0,0,0,3.4,-16.04,17.981,4
18.822,3.15,0,0,0,0,0,0,0.09,32.69,12.526,0,0,0,0,0,0,3.4,-15.95,17.981,4
18.799,3.15,0,0,0,0,0,0,0.09,33.32,12.516,0,0,0,0,0,0,3.4,-15.87,17.981,4
18.776,3.14,0,0,0,0,0,0,0.08,33.95,12.506,0,0,0,0,0,0,3.38,-15.79,17.981,4
18.753,3.13,0,0,0,0,0,0,0.06,34.57,12.496,0,0,0,0,0,0,3.36,-15.71,17.981,4
18.729,3.13,0,0,0,0,0,0,0.05,35.2,12.505,0,0,0,0,0,0,3.34,-15.63,17.981,0
18.706,3.13,0,0,0,0,0,0,0.03,35.82,12.497,0,0,0,0,0,0,3.31,-15.56,17.981,0
18.683,3.13,0,0,0,0,0,0,0.01,36.44,12.502,0,0,0,0,0,0,3.29,-15.49,17.981,0
18.661,3.13,0,0,0,0,0,0,-0.01,37.05,12.497,0,0,0,0,0,0,3.27,-15.42,17.981,0
18.621,3.13,0,0,0,0,0,0,-0.03,37.67,12.498,0,0,0,0,0,0,3.24,-15.35,17.981,0
18.671,3.13,0,0,0,0,0,0,-0.04,38.28,12.498,0,0,0,0,0,0,3.22,-15.28,17.981,0
18.794,3.13,0,0,0,0,0,0,-0.06,38.91,12.495,0,0,0,0,0,0,3.2,-15.2,17.981,0
18.93,3.13,0,0,0,0,0,0,-0.08,39.54,12.498,0,0,0,0,0,0,3.18,-15.12,17.981,0
19.069,3.13,0,0,0,0,0,0,-0.09,40.19,12.492,0,0,0,0,0,0,3.16,-15.01,17.981,0
19.207,3.13,0,0,0,0,0,0,-0.11,40.86,12.502,0,0,0,0,0,0,3.14,-14.9,17.981,0
19.346,3.13,0,0,0,0,0,0,-0.12,41.53,12.529,0,0,0,0,0,0,3.12,-14.76,17.981,0
19.484,3.13,0,0,0,0,0,0,-0.13,42.22,12.519,0,0,0,0,0,0,3.1,-14.62,17.981,0
19.622,3.14,0,0,0,0,0,0,-0.14,42.93,12.509,0,0,0,0,0,0,3.09,-14.46,17.981,0
19.759,3.14,0,0,0,0,0,0,-0.15,43.65,12.5,0,0,0,0,0,0,3.07,-14.29,17.981,0
19.897,3.14,0,0,0,0,0,0,-0.17,44.38,12.503,0,0,0,0,0,0,3.06,-14.1,17.981,0
20.033,3.14,0,0,0,0,0,0,-0.18,45.13,12.5,0,0,0,0,0,0,3.04,-13.9,17.981,0
20.17,3.14,0,0,0,0,0,0,-0.19,45.89,12.499,0,0,0,0,0,0,3.03,-13.69,17.981,0
20.306,3.14,0,0,0,0,0,0,-0.19,46.66,12.501,0,0,0,0,0,0,3.02,-13.46,17.981,0
20.442,3.14,0,0,0,0,0,0,-0.2,47.45,12.496,0,0,0,0,0,0,3.01,-13.22,17.981,0
20.577,3.14,0,0,0,0,0,0,-0.21,48.25,12.501,0,0,0,0,0,0,3,-12.97,17.981,0
20.712,3.14,0,0,0,0,0,0,-0.22,49.06,12.493,0,0,0,0,0,0,2.99,-12.7,17.981,0
20.847,3.14,0,0,0,0,0,0,-0.23,49.89,12.501,0,0,0,0,0,0,2.99,-12.42,17.981,0
20.982,3.14,0,0,0,0,0,0,-0.23,50.73,12.492,0,0,0,0,0,0,2.98,-12.13,17.981,0
21.116,3.14,0,0,0,0,0,0,-0.24,51.59,12.498,0,0,0,0,0,0,2.97,-11.82,17.981,0
21.25,3.14,0,0,0,0,0,0,-0.25,52.46,12.492,0,0,0,0,0,0,2.97,-11.5,17.981,0
21.383,3.14,0,0,0,0,0,0,-0.25,53.34,12.495,0,0,0,0,0,0,2.96,-11.16,17.982,0
21.575,3.14,0,0,0,0,0,0,-0.26,54.23,12.504,0,0,0,0,0,0,2.95,-10.81,17.982,0
21.709,3.14,0,0,0,0,0,0,-0.27,55.15,12.503,0,0,0,0,0,0,2.95,-10.44,17.982,0
21.817,3.14,0,0,0,0,0,0,-0.27,56.08,12.5,0,0,0,0,0,0,2.94,-10.06,17.982,0
21.916,3.14,0,0,0,0,0,0,-0.27,57.01,12.503,0,0,0,0,0,0,2.94,-9.67,17.982,0
22.01,3.14,0,0,0,0,0,0,-0.28,57.96,12.497,0,0,0,0,0,0,2.94,-9.27,17.982,0
22.103,3.14,0,0,0,0,0,0,-0.28,58.91,12.504,0,0,0,0,0,0,2.93,-8.86,17.982,0
22.195,3.14,0,0,0,0,0,0,-0.28,59.88,12.494,0,0,0,0,0,0,2.93,-8.45,17.982,0
22.287,3.14,0,0,0,0,0,0,-0.28,60.85,12.503,0,0,0,0,0,0,2.93,-8.02,17.982,0
22.379,3.14,0,0,0,0,0,0,-0.28,61.84,12.495,0,0,0,0,0,0,2.94,-7.58,17.982,0
22.469,3.14,0,0,0,0,0,0,-0.28,62.83,12.499,0,0,0,0,0,0,2.94,-7.14,17.982,0
22.553,3.14,0,0,0,0,0,0,-0.27,63.83,12.495,0,0,0,0,0,0,2.94,-6.68,17.982,0
22.623,3.14,0,0,0,0,0,0,-0.27,64.84,12.496,0,0,0,0,0,0,2.95,-6.22,17.982,0
22.665,3.14,0,0,0,0,0,0,-0.26,65.85,12.496,0,0,0,0,0,0,2.95,-5.75,17.982,0
22.668,3.14,0,0,0,0,0,0,-0.25,66.87,12.493,0,0,0,0,0,0,2.96,-5.28,17.982,0
22.645,3.14,0,0,0,0,0,0,-0.25,67.89,12.502,0,0,0,0,0,0,2.97,-4.81,17.982,0
22.619,3.14,0,0,0,0,0,0,-0.24,68.9,12.506,0,0,0,0,0,0,2.97,-4.35,17.982,0
22.591,3.15,0,0,0,0,0,0,-0.23,69.91,12.498,0,0,0,0,0,0,2.98,-3.88,17.982,0
22.563,3.15,0,0,0,0,0,0,-0.22,70.92,12.507,0,0,0,0,0,0,2.99,-3.42,17.982,0
22.535,3.15,0,0,0,0,0,0,-0.21,71.92,12.497,0,0,0,0,0,0,3,-2.96,17.982,0
22.506,3.15,0,0,0,0,0,0,-0.21,72.93,12.504,0,0,0,0,0,0,3.01,-2.51,17.982,0
22.477,3.15,0,0,0,0,0,0,-0.2,73.92,12.498,0,0,0,0,0,0,3.02,-2.06,17.982,0
22.448,3.15,0,0,0,0,0,0,-0.19,74.92,12.5,0,0,0,0,0,0,3.03,-1.61,17.982,0
22.418,3.15,0,0,0,0,0,0,-0.18,75.91,12.498,0,0,0,0,0,0,3.04,-1.16,17.982,0
22.389,3.15,0,0,0,0,0,0,-0.17,76.9,12.497,0,0,0,0,0,0,3.05,-0.72,17.982,0
22.36,3.15,0,0,0,0,0,0,-0.16,77.89,12.498,0,0,0,0,0,0,3.06,-0.28,17.982,0
22.33,3.15,0,0,0,0,0,0,-0.15,78.88,12.494,0,0,0,3.07,0.16,17.982,0,0,0,0
22.301,3.15,0,0,0,0,0,0,-0.13,79.86,12.499,0,0,0,3.08,0.59,17.982,0,0,0,0
22.272,3.15,0,0,0,0,0,0,-0.12,80.84,12.491,0,0,0,3.09,1.03,17.982,0,0,0,0
22.243,3.15,0,0,0,0,0,0,-0.11,81.81,12.499,0,0,0,3.1,1.46,17.982,0,0,0,0
22.213,3.15,0,0,0,0,0,0,-0.1,82.78,12.508,0,0,0,3.11,1.88,17.982,0,0,0,0
22.184,3.15,0,0,0,0,0,0,-0.09,83.75,12.5,0,0,0,3.12,2.3,17.982,0,0,0,0
22.155,3.15,0,0,0,0,0,0,-0.08,84.72,12.505,0,0,0,3.13,2.72,17.982,0,0,0,0
22.127,3.15,0,0,0,0,0,0,-0.07,85.69,12.5,0,0,0,3.14,3.14,17.982,0,0,0,0
22.098,3.15,0,0,0,0,0,0,-0.06,86.65,12.502,0,0,0,3.15,3.56,17.982,0,0,0,0
22.07,3.15,0,0,0,0,0,0,-0.05,87.6,12.501,0,0,0,3.16,3.97,17.982,0,0,0,0
22.042,3.14,0,0,0,0,0,0,-0.05,88.56,12.498,0,0,0,3.17,4.38,17.982,0,0,0,0
22.015,3.14,0,0,0,0,0,0,-0.04,89.51,12.501,0,0,0,3.17,4.78,17.982,0,0,0,0
21.991,3.14,0,0,0,0,0,0,-0.04,90.46,12.495,0,0,0,3.18,5.18,17.982,0,0,0,0
21.973,3.14,0,0,0,0,0,0,-0.04,91.41,12.502,0,0,0,3.18,5.59,17.982,0,0,0,0
21.963,3.14,0,0,0,0,0,0,-0.04,92.36,12.492,0,0,0,3.18,5.99,17.982,0,0,0,0
21.962,3.14,0,0,0,0,0,0,-0.04,93.3,12.501,0,0,0,3.18,6.39,17.982,0,0,0,0
21.97,3.14,0,0,0,0,0,0,-0.04,94.25,12.493,0,0,0,3.17,6.78,17.982,0,0,0,0
21.987,3.14,0,0,0,0,0,0,-0.05,95.2,12.497,0,0,0,3.17,7.19,17.982,0,0,0,0
22.011,3.14,0,0,0,0,0,0,-0.05,96.15,12.506,0,0,0,3.16,7.59,17.982,0,0,0,0
22.041,3.14,0,0,0,0,0,0,-0.06,97.1,12.503,0,0,0,3.15,7.99,17.982,0,0,0,0
22.076,3.14,0,0,0,0,0,0,-0.07,98.06,12.503,0,0,0,3.15,8.4,17.982,0,0,0,0
22.115,3.14,0,0,0,0,0,0,-0.07,99.02,12.504,0,0,0,3.14,8.82,17.982,0,0,0,0
22.155,3.14,0,0,0,0,0,0,-0.08,99.98,12.499,0,0,0,3.14,9.23,17.982,0,0,0,0
22.195,3.14,0,0,0,0,0,0,0,0,0,0,0,0,3.13,9.65,17.982,0,0,0,0
22.236,3.14,0,0,0,0,0,0,0,0,0,0,0,0,3.13,10.08,17.982,0,0,0,0
22.277,3.14,0,0,0,0,0,0,0,0,0,0,0,0,3.13,10.51,17.982,0,0,0,0
22.318,3.14,0,0,0,0,0,0,0,0,0,0,0,0,3.12,10.94,17.982,0,0,0,0
22.358,3.14,0,0,0,0,0,0,0,0,0,0,0,0,3.12,11.38,17.982,0,0,0,0
22.398,3.14,0,0,0,0,0,0,0,0,0,0,0,0,3.12,11.82,17.982,0,0,0,0
22.435,3.14,0,0,0,0,0,0,0,0,0,0,0,0,3.11,12.26,17.982,0,0,0,0
22.469,3.14,0,0,0,0,0,0,0,0,0,0,0,0,3.11,12.71,17.982,0,0,0,0
22.496,3.14,0,0,0,0,0,0,0,0,0,0,0,0,3.11,13.16,17.982,0,0,0,0
22.513,3.14,0,0,0,0,0,0,0,0,0,0,0,0,3.11,13.62,17.982,0,0,0,0
22.517,3.14,0,0,0,0,0,0,0,0,0,0,0,0,3.11,14.07,17.982,0,0,0,0
22.51,3.14,0,0,0,0,0,0,0,0,0,0,0,0,3.1,14.53,17.982,0,0,0,0
22.492,3.14,0,0,0,0,0,0,0,0,0,0,0,0,3.1,14.98,17.982,0,0,0,0
22.466,3.14,0,0,0,0,0,0,0,0,0,0,0,0,3.1,15.43,17.982,0,0,0,0
22.439,3.14,0,0,0,0,0,0,0,0,0,0,0,0,3.1,15.88,17.982,0,0,0,0
22.412,3.14,0,0,0,0,0,0,0,0,0,0,0,0,3.09,16.32,17.982,0,0,0,0
22.384,3.14,0,0,0,0,0,0,0,0,0,0,0,0,3.08,16.77,17.982,0,0,0,0
22.355,3.14,0,0,0,0,0,0,0,0,0,0,0,0,3.08,17.21,17.982,0,0,0,0
22.326,3.14,0,0,0,0,0,0,0,0,0,0,0,0,3.07,17.64,17.982,0,0,0,0
22.297,3.14,0,0,0,0,0,0,0,0,0,0,0,0,3.06,18.08,17.982,0,0,0,0
22.268,3.14,0,0,0,0,0,0,0,0,0,0,0,0,3.05,18.51,17.982,0,0,0,0
22.239,3.14,0,0,0,0,0,0,0,0,0,0,0,0,3.04,18.94,17.982,0,0,0,0
22.21,3.14,0,0,0,0,0,0,0,0,0,0,0,0,3.03,19.36,17.982,0,0,0,0
22.181,3.14,0,0,0,0,0,0,0,0,0,0,0,0,3.03,19.79,17.982,0,0,0,0
22.152,3.14,0,0,0,0,0,0,0,0,0,0,0,0,3.02,20.21,17.982,0,0,0,0
22.123,3.14,0,0,0,0,0,0,0,0,0,0,0,0,3.02,20.62,17.982,0,0,0,0
22.094,3.14,0,0,0,0,0,0,0,0,0,0,0,0,3.02,21.04,17.982,0,0,0,0
22.066,3.14,0,0,0,0,0,0,0,0,0,0,0,0,3.02,21.45,17.982,0,0,0,0
22.038,3.14,0,0,0,0,0,0,0,0,0,0,0,0,3.02,21.86,17.982,0,0,0,0
22.012,3.14,0,0,0,0,0,0,0,0,0,0,0,0,3.02,22.26,17.982,0,0,0,0
21.988,3.14,0,0,0,0,0,0,0,0,0,0,0,0,3.02,22.66,17.982,0,0,0,0
21.971,3.14,0,0,0,0,0,0,0,0,0,0,0,0,3.03,23.07,17.982,0,0,0,0
21.962,3.14,0,0,0,0,0,0,0,0,0,0,0,0,3.03,23.46,17.982,0,0,0,0
21.962,3.14,0,0,0,0,0,0,0,0,0,0,0,0,3.03,23.86,17.982,0,0,0,0
21.972,3.14,0,0,0,0,0,0,0,0,0,0,0,0,3.03,24.26,17.982,0,0,0,0
21.99,3.14,0,0,0,0,0,0,0,0,0,0,0,0,3.03,24.67,17.982,0,0,0,0
22.015,3.14,0,0,0,0,0,0,0,0,0,0,0,0,3.02,25.07,17.982,0,0,0,0
22.046,3.14,0,0,0,0,0,0,0,0,0,0,0,0,3.02,25.47,17.982,0,0,0,0
22.082,3.14,0,0,0,0,0,0,0,0,0,0,0,0,3.02,25.88,17.982,0,0,0,0
22.121,3.14,0,0,0,0,0,0,0,0,0,0,0,0,3.02,26.3,17.982,0,0,0,0
22.161,3.14,0,0,0,0,0,0,0,0,0,0,0,0,3.02,26.71,17.982,0,0,0,0
22.201,3.14,0,0,0,0,0,0,0,0,0,0,0,0,3.02,27.14,17.982,0,0,0,0
22.242,3.14,0,0,0,0,0,0,0,0,0,0,0,0,3.02,27.56,17.982,0,0,0,0
22.283,3.14,0,0,0,0,0,0,0,0,0,0,0,0,3.02,27.99,17.982,0,0,0,0
22.324,3.14,0,0,0,0,0,0,0,0,0,0,0,0,3.02,28.42,17.982,0,0,0,0
22.364,3.14,0,0,0,0,0,0,0,0,0,0,0,0,3.02,28.86,17.982,0,0,0,0
22.404,3.14,0,0,0,0,0,0,0,0,0,0,0,0,3.02,29.3,17.982,0,0,0,0
22.441,3.14,0,0,0,0,0,0,0,0,0,0,0,0,3.02,29.75,17.982,0,0,0,0
22.473,3.14,0,0,0,0,0,0,0,0,0,0,0,0,3.02,30.2,17.982,0,0,0,0
22.499,3.14,0,0,0,0,0,0,0,0,0,0,0,0,3.02,30.65,17.982,0,0,0,0
22.514,3.14,0,0,0,0,0,0,0,0,0,0,0,0,3.02,31.1,17.982,0,0,0,0
22.517,3.14,0,0,0,0,0,0,0,0,0,0,0,0,3.02,31.56,17.982,0,0,0,0
22.508,3.14,0,0,0,0,0,0,0,0,0,0,0,0,3.02,32.01,17.982,0,0,0,0
22.488,3.14,0,0,0,0,0,0,0,0,0,0,0,0,3.02,32.47,17.982,0,0,0,0
22.462,3.14,0,0,0,0,0,0,0,0,0,0,0,0,3.02,32.92,17.982,0,0,0,0
22.435,3.14,0,0,0,0,0,0,0,0,0,0,0,0,3.02,33.36,17.982,0,0,0,0
22.408,3.14,0,0,0,0,0,0,0,0,0,0,0,0,3.02,33.81,17.982,0,0,0,0
22.38,3.14,0,0,0,0,0,0,0,0,0,0,0,0,3.02,34.25,17.982,0,0,0,0
22.351,3.14,0,0,0,0,0,0,0,0,0,0,0,0,3.01,34.69,17.982,0,0,0,0
22.322,3.14,0,0,0,0,0,0,0,0,0,0,0,0,3.01,35.13,17.982,0,0,0,0
22.293,3.14,0,0,0,0,0,0,0,0,0,0,0,0,3.01,35.56,17.982,0,0,0,0
22.264,3.14,0,0,0,0,0,0,0,0,0,0,0,0,3.01,35.99,17.982,0,0,0,0
22.235,3.14,0,0,0,0,0,0,0,0,0,0,0,0,3.01,36.42,17.982,0,0,0,0
22.206,3.14,0,0,0,0,0,0,0,0,0,0,0,0,3.01,36.85,17.982,0,0,0,0
22.177,3.14,0,0,0,0,0,0,0,0,0,0,0,0,3.01,37.27,17.982,0,0,0,0
22.148,3.14,0,0,0,0,0,0,0,0,0,0,0,0,3.01,37.69,17.982,0,0,0,0
22.119,3.14,0,0,0,0,0,0,0,0,0,0,0,0,3.01,38.1,17.982,0,0,0,0
22.09,3.14,0,0,0,0,0,0,0,0,0,0,0,0,3.01,38.52,17.982,0,0,0,0
22.062,3.14,0,0,0,0,0,0,0,0,0,0,0,0,3.01,38.93,17.982,0,0,0,0
22.035,3.14,0,0,0,0,0,0,0,0,0,0,0,0,3,39.34,17.982,0,0,0,0
22.008,3.14,0,0,0,0,0,0,0,0,0,0,0,0,3,39.74,17.982,0,0,0,0
21.985,3.14,0,0,0,0,0,0,0,0,0,0,0,0,3,40.14,17.982,0,0,0,0
21.969,3.14,0,0,0,0,0,0,0,0,0,0,0,0,3,40.55,17.982,0,0,0,0
21.962,3.14,0,0,0,0,0,0,0,0,0,0,0,0,3,40.94,17.982,0,0,0,0
21.963,3.14,0,0,0,0,0,0,0,0,0,0,0,0,3,41.34,17.982,0,0,0,0
21.974,3.14,0,0,0,0,0,0,0,0,0,0,0,0,3,41.74,17.982,0,0,0,0
21.993,3.14,0,0,0,0,0,0,0,0,0,0,0,0,3,42.15,17.982,0,0,0,0
22.019,3.14,0,0,0,0,0,0,0,0,0,0,0,0,3,42.55,17.982,0,0,0,0
22.051,3.14,0,0,0,0,0,0,0,0,0,0,0,0,3,42.96,17.982,0,0,0,0
22.087,3.14,0,0,0,0,0,0,0,0,0,0,0,0,3,43.37,17.982,0,0,0,0
22.126,3.14,0,0,0,0,0,0,0,0,0,0,0,0,3,43.78,17.982,0,0,0,0
22.167,3.14,0,0,0,0,0,0,0,0,0,0,0,0,3,44.2,17.982,0,0,0,0
22.207,3.14,0,0,0,0,0,0,0,0,0,0,0,0,3,44.62,17.982,0,0,0,0
22.248,3.14,0,0,0,0,0,0,0,0,0,0,0,0,3,45.05,17.982,3.09,-99.91,15.268,0
22.289,3.14,0,0,0,0,0,0,0,0,0,0,0,0,2.99,45.48,17.982,3.09,-99.21,15.263,0
22.33,3.14,0,0,0,0,0,0,0,0,0,0,0,0,2.99,45.91,17.982,3.09,-98.51,15.264,0
22.37,3.14,0,0,0,0,0,0,0,0,0,0,0,0,2.99,46.35,17.982,3.09,-97.8,15.265,0
22.409,3.14,0,0,0,0,0,0,0,0,0,0,0,0,3,46.79,17.982,3.09,-97.09,15.266,0
22.446,3.14,0,0,0,0,0,0,0,0,0,0,0,0,3,47.24,17.982,3.09,-96.38,15.267,0
22.478,3.14,0,0,0,0,0,0,0,0,0,0,0,0,3,47.69,17.982,3.09,-95.66,15.268,0
22.502,3.14,0,0,0,0,0,0,0,0,0,0,0,0,3,48.14,17.982,3.09,-94.94,15.269,0
22.515,3.14,0,0,0,0,0,0,0,0,0,0,0,0,3,48.59,17.982,3.1,-94.21,15.27,0
22.517,3.14,0,0,0,0,0,0,0,0,0,0,0,0,3,49.05,17.982,3.1,-93.49,15.271,0
22.506,3.14,0,0,0,0,0,0,0,0,0,0,0,0,3,49.5,17.982,3.1,-92.77,15.272,0
22.484,3.14,0,0,0,0,0,0,0,0,0,0,0,0,3,49.95,17.982,3.1,-92.05,15.273,0
22.458,3.14,0,0,0,0,0,0,0,0,0,0,0,0,3,50.4,17.982,3.1,-91.33,15.274,0
22.431,3.14,0,0,0,0,0,0,0,0,0,0,0,0,3,50.85,17.982,3.1,-90.61,15.274,0
22.404,3.14,0,0,0,0,0,0,0,0,0,0,0,0,3,51.3,17.982,3.1,-89.9,15.275,0
22.375,3.14,0,0,0,0,0,0,0,0,0,0,0,0,3,51.74,17.982,3.1,-89.19,15.276,0
22.347,3.14,0,0,0,0,0,0,0,0,0,0,0,0,3,52.18,17.982,3.1,-88.48,15.277,0
22.318,3.14,0,0,0,0,0,0,0,0,0,0,0,0,3,52.61,17.982,3.1,-87.78,15.277,0
22.289,3.14,0,0,0,0,0,0,0,0,0,0,0,0,3,53.05,17.982,3.1,-87.07,15.262,0
22.26,3.14,0,0,0,0,0,0,0,0,0,0,0,0,3,53.48,17.982,3.1,-86.37,15.263,0
22.231,3.14,0,0,0,0,0,0,0,0,0,0,0,0,3.01,53.91,17.982,3.1,-85.68,15.264,0
22.202,3.14,0,0,0,0,0,0,0,0,0,0,0,0,3.01,54.33,17.982,3.1,-84.98,15.265,0
22.172,3.14,0,0,0,0,0,0,0,0,0,0,0,0,3.01,54.75,17.982,3.1,-84.29,15.266,0
22.143,3.14,0,0,0,0,0,0,0,0,0,0,0,0,3.01,55.17,17.982,3.1,-83.61,15.267,0
22.115,3.14,0,0,0,0,0,0,0,0,0,0,0,0,3,55.59,17.982,3.1,-82.92,15.268,0
22.086,3.14,0,0,0,0,0,0,0,0,0,0,0,0,3,56,17.982,3.1,-82.24,15.269,0
22.058,3.14,0,0,0,0,0,0,0,0,0,0,0,0,2.99,56.41,17.982,3.09,-81.56,15.27,0
22.031,3.14,0,0,0,0,0,0,0,0,0,0,0,0,2.99,56.82,17.982,3.09,-80.89,15.27,0
22.004,3.14,0,0,0,0,0,0,0,0,0,0,0,0,2.98,57.22,17.982,3.08,-80.21,15.271,0
21.982,3.14,0,0,0,0,0,0,0,0,0,0,0,0,2.98,57.62,17.982,3.07,-79.54,15.272,0
21.968,3.14,0,0,0,0,0,0,0,0,0,0,0,0,2.97,58.03,17.982,3.07,-78.87,15.273,0
21.961,3.14,0,0,0,0,0,0,0,0,0,0,0,0,2.97,58.42,17.982,3.07,-78.2,15.274,0
21.964,3.14,0,0,0,0,0,0,0,0,0,0,0,0,2.96,58.82,17.982,3.06,-77.54,15.275,0
21.976,3.14,0,0,0,0,0,0,0,0,0,0,0,0,2.96,59.22,17.982,3.06,-76.87,15.276,0
21.997,3.14,0,0,0,0,0,0,0,0,0,0,0,0,2.96,59.63,17.982,3.06,-76.2,15.277,0
22.023,3.14,0,0,0,0,0,0,0,0,0,0,0,0,2.95,60.03,17.982,3.05,-75.53,15.278,0
22.056,3.14,0,0,0,0,0,0,0,0,0,0,0,0,2.95,60.44,17.982,3.05,-74.85,15.273,0
22.093,3.14,0,0,0,0,0,0,0,0,0,0,0,0,2.95,60.85,17.982,3.05,-74.17,15.263,0
22.132,3.14,0,0,0,0,0,0,0,0,0,0,0,0,2.94,61.26,17.982,3.04,-73.49,15.264,0
22.172,3.14,0,0,0,0,0,0,0,0,0,0,0,0,2.94,61.68,17.982,3.04,-72.8,15.264,0
22.213,3.14,0,0,0,0,0,0,0,0,0,0,0,0,2.93,62.1,17.982,3.03,-72.11,15.265,0
22.254,3.14,0,0,0,0,0,0,0,0,0,0,0,0,2.93,62.53,17.982,3.03,-71.41,15.266,0
22.295,3.14,0,0,0,0,0,0,0,0,0,0,0,0,2.93,62.96,17.982,3.03,-70.72,15.267,0
22.336,3.14,0,0,0,0,0,0,0,0,0,0,0,0,2.93,63.39,17.982,3.03,-70.01,15.268,0
22.376,3.14,0,0,0,0,0,0,0,0,0,0,0,0,2.93,63.83,17.982,3.03,-69.3,15.269,0
22.415,3.14,0,0,0,0,0,0,0,0,0,0,0,0,2.93,64.28,17.982,3.02,-68.59,15.27,0
22.451,3.14,0,0,0,0,0,0,0,0,0,0,0,0,2.93,64.72,17.982,3.02,-67.88,15.271,0
22.482,3.14,0,0,0,0,0,0,0,0,0,0,0,0,2.93,65.17,17.982,3.02,-67.16,15.272,0
22.505,3.14,0,0,0,0,0,0,0,0,0,0,0,0,2.92,65.63,17.982,3.02,-66.44,15.273,0
22.517,3.14,0,0,0,0,0,0,0,0,0,0,0,0,0,0,0,3.02,-65.72,15.274,0
22.516,3.14,0,0,0,0,0,0,0,0,0,0,0,0,0,0,0,3.02,-64.99,15.275,0
22.503,3.14,0,0,0,0,0,0,0,0,0,0,0,0,0,0,0,3.02,-64.27,15.276,0
22.481,3.14,0,0,0,0,0,0,0,0,0,0,0,0,0,0,0,3.02,-63.55,15.277,0
22.454,3.14,0,0,0,0,0,0,0,0,0,0,0,0,0,0,0,3.02,-62.83,15.278,0
22.427,3.14,0,0,0,0,0,0,0,0,0,0,0,0,0,0,0,3.02,-62.11,15.278,0
22.399,3.14,0,0,0,0,0,0,0,0,0,0,0,0,0,0,0,3.03,-61.4,15.268,0
22.371,3.14,0,0,0,0,0,0,0,0,0,0,0,0,0,0,0,3.03,-60.69,15.263,0
22.343,3.14,0,0,0,0,0,0,0,0,0,0,0,0,0,0,0,3.03,-59.98,15.264,0
22.314,3.14,0,0,0,0,0,0,0,0,0,0,0,0,0,0,0,3.04,-59.28,15.265,0
22.285,3.14,0,0,0,0,0,0,0,0,0,0,0,0,0,0,0,3.04,-58.58,15.266,0
22.256,3.14,0,0,0,0,0,0,0,0,0,0,0,0,0,0,0,3.05,-57.88,15.267,0
22.226,3.14,0,0,0,0,0,0,0,0,0,0,0,0,0,0,0,3.05,-57.18,15.268,0
22.197,3.14,0,0,0,0,0,0,0,0,0,0,0,0,0,0,0,3.06,-56.49,15.269,0
22.168,3.14,0,0,0,0,0,0,0,0,0,0,0,0,0,0,0,3.06,-55.8,15.27,0
22.139,3.14,0,0,0,0,0,0,0,0,0,0,0,0,0,0,0,3.07,-55.11,15.271,0
22.11,3.14,0,0,0,0,0,0,0,0,0,0,0,0,0,0,0,3.07,-54.43,15.272,0
22.082,3.14,0,0,0,0,0,0,0,0,0,0,0,0,0,0,0,3.08,-53.75,15.273,0
22.054,3.14,0,0,0,0,0,0,0,0,0,0,0,0,0,0,0,3.08,-53.07,15.274,0
22.027,3.14,0,0,0,0,0,0,0,0,0,0,0,0,0,0,0,3.09,-52.39,15.274,0
22.001,3.14,0,0,0,0,0,0,0,0,0,0,0,0,0,0,0,3.09,-51.72,15.275,0
21.98,3.14,0,0,0,0,0,0,0,0,0,0,0,0,0,0,0,3.1,-51.05,15.276,0
21.967,3.14,0,0,0,0,0,0,0,0,0,0,0,0,0,0,0,3.1,-50.38,15.277,0
21.961,3.14,0,0,0,0,0,0,0,0,0,0,0,0,0,0,0,3.11,-49.71,15.277,0
21.965,3.14,0,0,0,0,0,0,0,0,0,0,0,0,0,0,0,3.11,-49.05,15.262,0
21.979,3.14,0,0,0,0,0,0,0,0,0,0,0,0,0,0,0,3.12,-48.38,15.263,0
22,3.14,0,0,0,0,0,0,0,0,0,0,0,0,0,0,0,3.12,-47.71,15.264,0
22.028,3.14,0,0,0,0,0,0,0,0,0,0,0,0,0,0,0,3.12,-47.03,15.265,0
22.061,3.14,0,0,0,0,0,0,0,0,0,0,0,0,0,0,0,3.13,-46.36,15.266,0
22.098,3.14,0,0,0,0,0,0,0,0,0,0,0,0,0,0,0,3.13,-45.68,15.267,0
22.137,3.14,0,0,0,0,0,0,0,0,0,0,0,0,0,0,0,3.13,-44.99,15.268,0
22.178,3.14,0,0,0,0,0,0,0,0,0,0,0,0,0,0,0,3.14,-44.31,15.269,0
22.219,3.14,0,0,0,0,0,0,0,0,0,0,0,0,0,0,0,3.14,-43.62,15.27,0
22.259,3.14,0,0,0,0,0,0,0,0,0,0,0,0,0,0,0,3.14,-42.92,15.27,0
22.3,3.14,0,0,0,0,0,0,0,0,0,0,0,0,0,0,0,3.14,-42.22,15.271,0
22.341,3.14,0,0,0,0,0,0,0,0,0,0,0,0,0,0,0,3.15,-41.52,15.272,0
22.381,3.14,0,0,0,0,0,0,0,0,0,0,0,0,0,0,0,3.15,-40.81,15.273,0
22.419,3.14,0,0,0,0,0,0,0,0,0,0,0,0,0,0,0,3.15,-40.1,15.274,0
22.455,3.14,0,0,0,0,0,0,0,0,0,0,0,0,0,0,0,3.15,-39.38,15.275,0
22.485,3.14,0,0,0,0,0,0,0,0,0,0,0,0,0,0,0,3.16,-38.66,15.276,0
22.507,3.14,0,0,0,0,0,0,0,0,0,0,0,0,0,0,0,3.16,-37.94,15.277,0
22.517,3.14,0,0,0,0,0,0,0,0,0,0,0,0,0,0,0,3.16,-37.22,15.278,0
22.515,3.14,0,0,0,0,0,0,0,0,0,0,0,0,0,0,0,3.16,-36.5,15.273,0
22.501,3.14,0,0,0,0,0,0,0,0,0,0,0,0,0,0,0,3.16,-35.77,15.263,0
22.478,3.14,0,0,0,0,0,0,0,0,0,0,0,0,0,0,0,3.16,-35.05,15.264,0
22.451,3.14,0,0,0,0,0,0,0,0,0,0,0,0,0,0,0,3.16,-34.33,15.264,0
22.424,3.14,0,0,0,0,0,0,0,0,0,0,0,0,0,0,0,3.16,-33.62,15.265,0
22.396,3.14,0,0,0,0,0,0,0,0,0,0,0,0,0,0,0,3.16,-32.91,15.266,0
22.368,3.14,0,0,0,0,0,0,0,0,0,0,0,0,0,0,0,3.16,-32.2,15.267,0
22.339,3.14,0,0,0,0,0,0,0,0,0,0,0,0,0,0,0,3.16,-31.49,15.268,0
22.31,3.14,0,0,0,0,0,0,0,0,0,0,0,0,0,0,0,3.16,-30.78,15.269,0
22.281,3.14,0,0,0,0,0,0,0,0,0,0,0,0,0,0,0,3.16,-30.08,15.27,0
22.252,3.14,0,0,0,0,0,0,0,0,0,0,0,0,0,0,0,3.16,-29.39,15.271,0
22.223,3.14,0,0,0,0,0,0,0,0,0,0,0,0,0,0,0,3.16,-28.69,15.272,0
22.194,3.14,0,0,0,0,0,0,0,0,0,0,0,0,0,0,0,3.16,-28,15.273,0
22.165,3.14,0,0,0,0,0,0,0,0,0,0,0,0,0,0,0,3.15,-27.31,15.274,0
22.136,3.14,0,0,0,0,0,0,0,0,0,0,0,0,0,0,0,3.15,-26.62,15.275,0
22.107,3.14,0,0,0,0,0,0,0,0,0,0,0,0,0,0,0,3.15,-25.94,15.276,0
22.078,3.14,0,0,0,0,0,0,0,0,0,0,0,0,0,0,0,3.15,-25.26,15.277,0
22.05,3.14,0,0,0,0,0,0,0,0,0,0,0,0,0,0,0,3.14,-24.58,15.278,0
22.023,3.14,0,0,0,0,0,0,0,0,0,0,0,0,0,0,0,3.14,-23.9,15.278,0
21.998,3.14,0,0,0,0,0,0,0,0,0,0,0,0,0,0,0,3.13,-23.23,15.268,0
21.977,3.14,0,0,0,0,0,0,0,0,0,0,0,0,0,0,0,3.13,-22.56,15.263,0
21.965,3.14,0,0,0,0,0,0,0,0,0,0,0,0,0,0,0,3.13,-21.89,15.264,0
21.961,3.14,0,0,0,0,0,0,0,0,0,0,0,0,0,0,0,3.12,-21.22,15.265,0
21.966,3.14,0,0,0,0,0,0,0,0,0,0,0,0,0,0,0,3.12,-20.56,15.266,0
21.981,3.14,0,0,0,0,0,0,0,0,0,0,0,0,0,0,0,3.11,-19.89,15.267,0
22.003,3.14,0,0,0,0,0,0,0,0,0,0,0,0,0,0,0,3.1,-19.22,15.268,0
22.032,3.14,0,0,0,0,0,0,0,0,0,0,0,0,0,0,0,3.1,-18.54,15.269,0
22.066,3.14,0,0,0,0,0,0,0,0,0,0,0,0,0,0,0,3.09,-17.87,15.27,0
22.103,3.14,0,0,0,0,0,0,0,0,0,0,0,0,0,0,0,3.09,-17.19,15.271,0
22.143,3.14,0,0,0,0,0,0,0,0,0,0,0,0,0,0,0,3.08,-16.5,15.272,0
22.183,3.14,0,0,0,0,0,0,0,0,0,0,0,0,0,0,0,3.07,-15.81,15.273,0
22.224,3.14,0,0,0,0,0,0,0,0,0,0,0,0,0,0,0,3.07,-15.12,15.274,0
22.265,3.14,0,0,0,0,0,0,0,0,0,0,0,0,0,0,0,3.06,-14.43,15.274,0
22.306,3.14,0,0,0,0,0,0,0,0,0,0,0,0,0,0,0,3.05,-13.73,15.275,0
22.347,3.14,0,0,0,0,0,0,0,0,0,0,0,0,0,0,0,3.04,-13.02,15.276,0
22.387,3.14,0,0,0,0,0,0,0,0,0,0,0,0,0,0,0,3.04,-12.31,15.277,0
22.425,3.14,0,0,0,0,0,0,0,0,0,0,0,0,0,0,0,3.03,-11.6,15.277,0
22.46,3.14,0,0,0,0,0,0,0,0,0,0,0,0,0,0,0,3.02,-10.88,15.262,0
22.489,3.14,0,0,0,0,0,0,0,0,0,0,0,0,0,0,0,3.01,-10.17,15.263,0
22.509,3.14,0,0,0,0,0,0,0,0,0,0,0,0,0,0,0,3,-9.44,15.264,0
22.517,3.14,0,0,0,0,0,0,0,0,0,0,0,0,0,0,0,3,-8.72,15.265,0
22.514,3.14,0,0,0,0,0,0,0,0,0,0,0,0,0,0,0,2.99,-8,15.266,0
22.498,3.14,0,0,0,0,0,0,0,0,0,0,0,0,0,0,0,2.99,-7.27,15.267,0
22.474,3.14,0,0,0,0,0,0,0,0,0,0,0,0,0,0,0,3,-6.55,15.268,0
22.447,3.14,0,0,0,0,0,0,0,0,0,0,0,0,0,0,0,3,-5.84,15.269,0
22.42,3.15,0,0,0,0,0,0,0,0,0,0,0,0,0,0,0,3.01,-5.12,15.27,0
22.392,3.15,0,0,0,0,0,0,0,0,0,0,0,0,0,0,0,3.02,-4.41,15.27,0
22.364,3.15,0,0,0,0,0,0,0,0,0,0,0,0,0,0,0,3.03,-3.7,15.271,0
22.335,3.15,0,0,0,0,0,0,0,0,0,0,0,0,0,0,0,3.05,-2.99,15.272,0
22.306,3.15,0,0,0,0,0,0,0,0,0,0,0,0,0,0,0,3.06,-2.29,15.273,0
22.277,3.15,0,0,0,0,0,0,0,0,0,0,0,0,0,0,0,3.08,-1.59,15.274,0
22.248,3.15,0,0,0,0,0,0,0,0,0,0,0,0,0,0,0,3.1,-0.89,15.275,0
22.219,3.15,0,0,0,0,0,0,0,0,0,0,0,0,0,0,0,3.11,-0.2,15.276,0
22.19,3.15,0,0,0,0,0,0,0,0,0,0,0,0,3.13,0.5,15.277,0,0,0,0
22.161,3.15,0,0,0,0,0,0,0,0,0,0,0,0,3.14,1.19,15.278,0,0,0,0
22.132,3.15,0,0,0,0,0,0,0,0,0,0,0,0,3.16,1.87,15.273,0,0,0,0
22.104,3.15,0,0,0,0,0,0,0,0,0,0,0,0,3.17,2.55,15.263,0,0,0,0
22.075,3.15,0,0,0,0,0,0,0,0,0,0,0,0,3.18,3.24,15.264,0,0,0,0
22.048,3.15,0,0,0,0,0,0,0,0,0,0,0,0,3.19,3.91,15.264,0,0,0,0
22.021,3.15,0,0,0,0,0,0,0,0,0,0,0,0,3.2,4.59,15.265,0,0,0,0
21.996,3.14,0,0,0,0,0,0,0,0,0,0,0,0,3.21,5.26,15.266,0,0,0,0
21.976,3.14,0,0,0,0,0,0,0,0,0,0,0,0,3.21,5.93,15.267,0,0,0,0
21.965,3.14,0,0,0,0,0,0,0,0,0,0,0,0,3.22,6.6,15.268,0,0,0,0
21.961,3.14,0,0,0,0,0,0,0,0,0,0,0,0,3.22,7.27,15.269,0,0,0,0
21.968,3.14,0,0,0,0,0,0,0,0,0,0,0,0,3.22,7.94,15.27,0,0,0,0
21.983,3.14,0,0,0,0,0,0,0,0,0,0,0,0,3.23,8.6,15.271,0,0,0,0
22.006,3.14,0,0,0,0,0,0,0,0,0,0,0,0,3.23,9.28,15.272,0,0,0,0
22.035,3.14,0,0,0,0,0,0,0,0,0,0,0,0,3.23,9.95,15.273,0,0,0,0
22.069,3.14,0,0,0,0,0,0,0,0,0,0,0,0,3.23,10.63,15.274,0,0,0,0
22.107,3.14,0,0,0,0,0,0,0,0,0,0,0,0,3.23,11.31,15.275,0,0,0,0
22.147,3.14,0,0,0,0,0,0,0,0,0,0,0,0,3.22,11.99,15.276,0,0,0,0
22.187,3.14,0,0,0,0,0,0,0,0,0,0,0,0,3.22,12.68,15.277,0,0,0,0
22.228,3.14,0,0,0,0,0,0,0,0,0,0,0,0,3.22,13.37,15.278,0,0,0,0
22.269,3.14,0,0,0,0,0,0,0,0,0,0,0,0,3.21,14.07,15.278,0,0,0,0
22.31,3.14,0,0,0,0,0,0,0,0,0,0,0,0,3.21,14.77,15.268,0,0,0,0
22.35,3.14,0,0,0,0,0,0,0,0,0,0,0,0,3.2,15.47,15.263,0,0,0,0
22.39,3.14,0,0,0,0,0,0,0,0,0,0,0,0,3.19,16.18,15.264,0,0,0,0
22.428,3.14,0,0,0,0,0,0,0,0,0,0,0,0,3.18,16.9,15.265,0,0,0,0
22.462,3.14,0,0,0,0,0,0,0,0,0,0,0,0,3.18,17.61,15.266,0,0,0,0
22.49,3.14,0,0,0,0,0,0,0,0,0,0,0,0,3.17,18.33,15.267,0,0,0,0
22.51,3.14,0,0,0,0,0,0,0,0,0,0,0,0,3.16,19.05,15.268,0,0,0,0
22.517,3.14,0,0,0,0,0,0,0,0,0,0,0,0,3.16,19.78,15.269,0,0,0,0
22.512,3.14,0,0,0,0,0,0,0,0,0,0,0,0,3.15,20.5,15.27,0,0,0,0
22.496,3.14,0,0,0,0,0,0,0,0,0,0,0,0,3.15,21.22,15.271,0,0,0,0
22.471,3.14,0,0,0,0,0,0,0,0,0,0,0,0,3.14,21.94,15.272,0,0,0,0
22.445,3.14,0,0,0,0,0,0,0,0,0,0,0,0,3.13,22.66,15.273,0,0,0,0
22.417,3.14,0,0,0,0,0,0,0,0,0,0,0,0,3.13,23.37,15.274,0,0,0,0
22.389,3.14,0,0,0,0,0,0,0,0,0,0,0,0,3.12,24.08,15.274,0,0,0,0
22.361,3.14,0,0,0,0,0,0,0,0,0,0,0,0,3.12,24.79,15.275,0,0,0,0
22.332,3.14,0,0,0,0,0,0,0,0,0,0,0,0,3.11,25.5,15.276,0,0,0,0
22.303,3.14,0,0,0,0,0,0,0,0,0,0,0,0,3.11,26.2,15.277,0,0,0,0
22.274,3.14,0,0,0,0,0,0,0,0,0,0,0,0,3.1,26.9,15.277,0,0,0,0
22.245,3.14,0,0,0,0,0,0,0,0,0,0,0,0,3.1,27.6,15.262,0,0,0,0
22.216,3.14,0,0,0,0,0,0,0,0,0,0,0,0,3.09,28.3,15.263,0,0,0,0
22.187,3.14,0,0,0,0,0,0,0,0,0,0,0,0,3.08,28.99,15.264,0,0,0,0
22.157,3.14,0,0,0,0,0,0,0,0,0,0,0,0,3.08,29.68,15.265,0,0,0,0
22.128,3.14,0,0,0,0,0,0,0,0,0,0,0,0,3.07,30.36,15.266,0,0,0,0
22.1,3.14,0,0,0,0,0,0,0,0,0,0,0,0,3.07,31.05,15.267,0,0,0,0
22.071,3.14,0,0,0,0,0,0,0,0,0,0,0,0,3.06,31.73,15.268,0,0,0,0
22.044,3.14,0,0,0,0,0,0,0,0,0,0,0,0,3.06,32.4,15.269,0,0,0,0
22.017,3.14,0,0,0,0,0,0,0,0,0,0,0,0,3.05,33.08,15.27,0,0,0,0
21.992,3.14,0,0,0,0,0,0,0,0,0,0,0,0,3.05,33.75,15.27,0,0,0,0
21.973,3.14,0,0,0,0,0,0,0,0,0,0,0,0,3.04,34.42,15.271,0,0,0,0
21.963,3.14,0,0,0,0,0,0,0,0,0,0,0,0,3.04,35.09,15.272,0,0,0,0
21.961,3.14,0,0,0,0,0,0,0,0,0,0,0,0,3.03,35.76,15.273,0,0,0,0
21.969,3.14,0,0,0,0,0,0,0,0,0,0,0,0,3.03,36.42,15.274,0,0,0,0
21.986,3.14,0,0,0,0,0,0,0,0,0,-0.05,-99.64,16.526,3.02,37.09,15.275,0,0,0,0
22.01,3.14,0,0,0,0,0,0,0,0,0,-0.06,-99.09,16.526,3.01,37.77,15.276,0,0,0,0
22.04,3.14,0,0,0,0,0,0,0,0,0,-0.06,-98.54,16.526,3.01,38.44,15.277,0,0,0,0
22.075,3.14,0,0,0,0,0,0,0,0,0,-0.07,-97.98,16.526,3,39.12,15.278,0,0,0,0
22.113,3.14,0,0,0,0,0,0,0,0,0,-0.07,-97.43,16.526,3,39.8,15.273,0,0,0,0
22.153,3.14,0,0,0,0,0,0,0,0,0,-0.08,-96.86,16.526,2.99,40.48,15.263,0,0,0,0
22.194,3.14,0,0,0,0,0,0,0,0,0,-0.08,-96.3,16.526,2.99,41.17,15.264,0,0,0,0
22.235,3.14,0,0,0,0,0,0,0,0,0,-0.09,-95.73,16.526,2.98,41.87,15.264,0,0,0,0
22.276,3.14,0,0,0,0,0,0,0,0,0,-0.09,-95.15,16.526,2.98,42.56,15.265,0,0,0,0
22.317,3.14,0,0,0,0,0,0,0,0,0,-0.1,-94.57,16.526,2.98,43.26,15.266,0,0,0,0
22.357,3.14,0,0,0,0,0,0,0,0,0,-0.1,-93.99,16.526,2.97,43.97,15.267,0,0,0,0
22.397,3.14,0,0,0,0,0,0,0,0,0,-0.11,-93.4,16.526,2.97,44.68,15.268,0,0,0,0
22.434,3.14,0,0,0,0,0,0,0,0,0,-0.11,-92.81,16.526,2.96,45.39,15.269,0,0,0,0
22.468,3.14,0,0,0,0,0,0,0,0,0,-0.12,-92.21,16.526,2.96,46.11,15.27,0,0,0,0
22.495,3.14,0,0,0,0,0,0,0,0,0,-0.12,-91.62,16.526,2.95,46.83,15.271,0,0,0,0
22.513,3.14,0,0,0,0,0,0,0,0,0,-0.12,-91.02,16.526,2.95,47.55,15.272,0,0,0,0
22.518,3.14,0,0,0,0,0,0,0,0,0,-0.13,-90.41,16.526,2.95,48.27,15.273,0,0,0,0
22.511,3.14,0,0,0,0,0,0,0,0,0,-0.13,-89.81,16.526,2.94,49,15.274,0,0,0,0
22.493,3.14,0,0,0,0,0,0,0,0,0,-0.14,-89.21,16.526,2.94,49.72,15.275,0,0,0,0
22.467,3.14,0,0,0,0,0,0,0,0,0,-0.14,-88.62,16.526,2.93,50.44,15.276,0,0,0,0
22.44,3.14,0,0,0,0,0,0,0,0,0,-0.14,-88.02,16.526,2.93,51.16,15.277,0,0,0,0
22.413,3.14,0,0,0,0,0,0,0,0,0,-0.15,-87.43,16.526,2.93,51.87,15.278,0,0,0,0
22.385,3.14,0,0,0,0,0,0,0,0,0,-0.15,-86.84,16.526,2.92,52.58,15.278,0,0,0,0
22.356,3.14,0,0,0,0,0,0,0,0,0,-0.15,-86.25,16.526,2.92,53.29,15.268,0,0,0,0
22.327,3.14,0,0,0,0,0,0,0,0,0,-0.15,-85.67,16.526,2.92,54,15.263,0,0,0,0
22.298,3.14,0,0,0,0,0,0,0,0,0,-0.15,-85.09,16.526,2.93,54.7,15.264,0,0,0,0
22.269,3.14,0,0,0,0,0,0,0,0,0,-0.14,-84.51,16.526,2.93,55.4,15.265,0,0,0,0
22.24,3.14,0,0,0,0,0,0,0,0,0,-0.14,-83.94,16.526,2.94,56.1,15.266,0,0,0,0
22.211,3.14,0,0,0,0,0,0,0,0,0,-0.13,-83.36,16.526,2.94,56.79,15.267,0,0,0,0
22.182,3.14,0,0,0,0,0,0,0,0,0,-0.12,-82.79,16.526,2.95,57.48,15.268,0,0,0,0
22.153,3.14,0,0,0,0,0,0,0,0,0,-0.12,-82.23,16.526,2.96,58.17,15.269,0,0,0,0
22.124,3.14,0,0,0,0,0,0,0,0,0,-0.11,-81.66,16.526,2.96,58.86,15.27,0,0,0,0
22.096,3.14,0,0,0,0,0,0,0,0,0,-0.1,-81.1,16.526,2.97,59.54,15.271,0,0,0,0
22.067,3.14,0,0,0,0,0,0,0,0,0,-0.1,-80.55,16.526,2.97,60.22,15.272,0,0,0,0
22.04,3.14,0,0,0,0,0,0,0,0,0,-0.09,-79.99,16.526,2.98,60.9,15.273,0,0,0,0
22.013,3.14,0,0,0,0,0,0,0,0,0,-0.09,-79.44,16.526,2.98,61.57,15.274,0,0,0,0
21.989,3.14,0,0,0,0,0,0,0,0,0,-0.08,-78.89,16.526,2.99,62.24,15.274,0,0,0,0
21.972,3.14,0,0,0,0,0,0,0,0,0,-0.08,-78.34,16.526,2.99,62.91,15.275,0,0,0,0
21.963,3.14,0,0,0,0,0,0,0,0,0,-0.07,-77.79,16.526,3,63.58,15.276,0,0,0,0
21.962,3.14,0,0,0,0,0,0,0,0,0,-0.07,-77.25,16.526,3,64.25,15.277,0,0,0,0
21.971,3.14,0,0,0,0,0,0,0,0,0,-0.06,-76.7,16.526,3.01,64.92,15.277,0,0,0,0
21.989,3.14,0,0,0,0,0,0,0,0,0,-0.06,-76.16,16.526,3.01,65.59,15.262,0,0,0,0
22.014,3.14,0,0,0,0,0,0,0,0,0,-0.06,-75.61,16.526,3.02,66.26,15.263,0,0,0,0
22.044,3.14,0,0,0,0,0,0,0,0,0,-0.05,-75.05,16.526,3.02,66.93,15.264,0,0,0,0
22.078,3.14,0,0,0,0,0,0,0,0,0,-0.05,-74.5,16.526,3.03,67.61,15.265,0,0,0,0
22.113,3.14,0,0,0,0,0,0,0,0,0,-0.04,-73.94,16.526,3.03,68.29,15.266,0,0,0,0
22.149,3.14,0,0,0,0,0,0,0,0,0,-0.04,-73.38,16.526,3.04,68.98,15.267,0,0,0,0
22.184,3.14,0,0,0,0,0,0,0,0,0,-0.03,-72.81,16.526,3.04,69.66,15.268,0,0,0,0
22.219,3.14,0,0,0,0,0,0,0,0,0,-0.03,-72.24,16.526,3.05,70.36,15.269,0,0,0,0
22.254,3.14,0,0,0,0,0,0,0,0,0,-0.02,-71.67,16.526,3.05,71.05,15.27,0,0,0,0
22.29,3.14,0,0,0,0,0,0,0,0,0,-0.01,-71.09,16.526,3.06,71.75,15.27,0,0,0,0
22.324,3.14,0,0,0,0,0,0,0,0,0,-0.01,-70.51,16.526,3.06,72.45,15.271,0,0,0,0
22.359,3.14,0,0,0,0,0,0,0,0,0,0,-69.93,16.526,3.07,73.16,15.272,0,0,0,0
22.393,3.14,0,0,0,0,0,0,0,0,0,0,-69.34,16.526,3.08,73.87,15.273,0,0,0,0
22.424,3.14,0,0,0,0,0,0,0,0,0,0.01,-68.75,16.526,3.08,74.58,15.274,0,0,0,0
22.452,3.14,0,0,0,0,0,0,0,0,0,0.01,-68.15,16.526,3.09,75.3,15.275,0,0,0,0
22.475,3.14,0,0,0,0,0,0,0,0,0,0.02,-67.56,16.526,3.09,76.01,15.276,0,0,0,0
22.489,3.14,0,0,0,0,0,0,0,0,0,0.03,-66.96,16.526,3.1,76.73,15.277,0,0,0,0
22.495,3.14,0,0,0,0,0,0,0,0,0,0.03,-66.36,16.526,3.1,77.45,15.278,0,0,0,0
22.491,3.14,0,0,0,0,0,0,0,0,0,0.04,-65.76,16.526,3.11,78.18,15.273,0,0,0,0
22.478,3.14,0,0,0,0,0,0,0,0,0,0.04,-65.16,16.526,3.12,78.9,15.263,0,0,0,5
22.456,3.14,0,0,0,0,0,0,0,0,0,0.05,-64.57,16.526,3.12,79.61,15.264,0,0,0,5
22.43,3.14,0,0,0,0,0,0,0,0,0,0.06,-63.97,16.526,3.13,80.33,15.264,0,0,0,5
22.403,3.14,0,0,0,0,0,0,0,0,0,0.06,-63.38,16.526,3.14,81.04,15.265,0,0,0,5
22.375,3.14,0,0,0,0,0,0,0,0,0,0.07,-62.79,16.526,3.14,81.75,15.266,0,0,0,5
22.347,3.14,0,0,0,0,0,0,0,0,0,0.08,-62.21,16.526,3.15,82.46,15.267,0,0,0,5
22.319,3.14,0,0,0,0,0,0,0,0,0,0.08,-61.63,16.526,3.15,83.17,15.268,0,0,0,5
22.289,3.14,0,0,0,0,0,0,0,0,0,0.08,-61.05,16.526,3.15,83.87,15.269,0,0,0,5
22.259,3.14,0,0,0,0,0,0,0,0,0,0.06,-60.47,16.526,3.13,84.57,15.27,0,0,0,5
22.229,3.13,0,0,0,0,0,0,0,0,0,0.03,-59.9,16.526,3.1,85.26,15.271,0,0,0,5
22.199,3.12,0,0,0,0,0,0,0,0,0,-0.02,-59.33,16.526,3.05,85.95,15.272,0,0,0,5
22.169,3.11,0,0,0,0,0,0,0,0,0,-0.1,-58.76,16.526,2.98,86.64,15.273,0,0,0,5
22.139,3.1,0,0,0,0,0,0,0,0,0,-0.19,-58.2,16.526,2.89,87.33,15.274,0,0,0,5
22.109,3.09,0,0,0,0,0,0,0,0,0,-0.3,-57.64,16.526,2.78,88.01,15.275,0,0,0,5
22.078,3.08,0,0,0,0,0,0,0,0,0,-0.42,-57.09,16.526,2.65,88.68,15.276,0,0,0,5
22.048,3.08,0,0,0,0,0,0,0,0,0,-0.56,-56.54,16.526,2.51,89.36,15.277,0,0,0,5
22.018,3.07,0,0,0,0,0,0,0,0,0,-0.71,-55.99,16.526,2.36,90.02,15.278,0,0,0,5
21.988,3.07,0,0,0,0,0,0,0,0,0,-0.88,-55.44,16.526,2.2,90.69,15.278,0,0,0,5
21.958,3.06,0,0,0,0,0,0,0,0,0,-1.04,-54.9,16.526,2.03,91.35,15.268,0,0,0,5
21.929,3.06,0,0,0,0,0,0,0,0,0,-1.22,-54.37,16.526,1.86,92.01,15.263,0,0,0,5
21.899,3.06,0,0,0,0,0,0,0,0,0,-1.39,-53.83,16.526,1.68,92.67,15.264,1.81,-99.53,16.655,5
21.869,3.06,0,0,0,0,0,0,0,0,0,-1.57,-53.3,16.526,1.5,93.32,15.265,1.63,-99.01,16.655,5
21.84,3.06,0,0,0,-1.75,-52.77,16.526,1.33,93.97,15.266,1.45,-98.5,16.655,4.42,22.45,13.888,0,0,0,5
21.81,3.06,0,0,0,-1.92,-52.25,16.526,1.15,94.62,15.267,1.28,-97.99,16.655,4.24,23.24,13.885,0,0,0,5
21.78,3.06,0,0,0,-2.09,-51.73,16.526,0.98,95.26,15.268,1.11,-97.48,16.655,4.08,24.02,13.896,0,0,0,5
21.75,3.07,0,0,0,-2.25,-51.21,16.526,0.83,95.9,15.269,0.95,-96.98,16.655,3.92,24.81,13.889,0,0,0,5
21.72,3.07,0,0,0,-2.39,-50.69,16.526,0.68,96.54,15.27,0.81,-96.47,16.655,3.77,25.58,13.901,0,0,0,5
21.689,3.08,0,0,0,-2.51,-50.17,16.526,0.56,97.18,15.271,0.69,-95.97,16.655,3.65,26.36,13.896,0,0,0,5
21.659,3.09,0,0,0,-2.61,-49.66,16.526,0.46,97.82,15.272,0.59,-95.47,16.655,3.56,27.13,13.89,0,0,0,5
21.63,3.1,0,0,0,-2.68,-49.15,16.526,0.39,98.45,15.273,0.52,-94.98,16.655,3.48,27.9,13.896,0,0,0,5
21.601,3.11,0,0,0,-2.74,-48.64,16.526,0.33,99.08,15.274,0.46,-94.48,16.655,3.42,28.67,13.897,0,0,0,5
21.573,3.12,0,0,0,-2.79,-48.13,16.526,0.28,99.71,15.274,0.41,-93.99,16.655,3.37,29.44,13.891,0,0,0,5
21.544,3.12,0,0,0,-2.83,-47.63,16.526,0,0,0,0.37,-93.5,16.655,3.33,30.21,13.892,0,0,0,5
21.516,3.13,0,0,0,-2.87,-47.12,16.526,0,0,0,0.33,-93.01,16.655,3.3,30.97,13.898,0,0,0,5
21.488,3.13,0,0,0,-2.9,-46.63,16.526,0,0,0,0.3,-92.52,16.655,3.27,31.73,13.891,0,0,0,5
21.46,3.13,0,0,0,-2.93,-46.13,16.526,0,0,0,0.27,-92.04,16.655,3.24,32.49,13.887,0,0,0,5
21.432,3.13,0,0,0,-2.95,-45.63,16.526,0,0,0,0.25,-91.56,16.655,3.21,33.24,13.899,0,0,0,5
21.404,3.13,0,0,0,-2.98,-45.14,16.526,0,0,0,0.22,-91.09,16.655,3.19,33.99,13.892,0,0,0,5
21.376,3.13,0,0,0,-3,-44.65,16.526,0,0,0,0.2,-90.61,16.655,3.17,34.74,13.886,0,0,0,5
21.349,3.13,0,0,0,-3.01,-44.17,16.526,0,0,0,0.19,-90.14,16.655,3.15,35.49,13.894,0,0,0,5
21.322,3.13,0,0,0,-3.03,-43.69,16.526,0,0,0,0.17,-89.67,16.656,3.14,36.24,13.893,0,0,0,5
21.312,3.14,0,0,0,-3.04,-43.21,16.526,0,0,0,0.16,-89.21,16.656,3.13,36.98,13.887,0,0,0,0
21.342,3.14,0,0,0,-3.05,-42.72,16.526,0,0,0,0.15,-88.74,16.656,3.12,37.72,13.889,0,0,0,0
21.41,3.14,0,0,0,-3.05,-42.24,16.526,0,0,0,0.15,-88.27,16.656,3.11,38.47,13.894,0,0,0,0
21.497,3.14,0,0,0,-3.05,-41.74,16.526,0,0,0,0.15,-87.79,16.656,3.11,39.23,13.887,0,0,0,0
21.59,3.14,0,0,0,-3.05,-41.24,16.526,0,0,0,0.15,-87.3,16.656,3.11,40,13.885,0,0,0,0
21.683,3.14,0,0,0,-3.05,-40.72,16.526,0,0,0,0.15,-86.8,16.656,3.11,40.77,13.895,0,0,0,0
21.776,3.14,0,0,0,-3.05,-40.2,16.526,0,0,0,0.15,-86.29,16.656,3.11,41.55,13.888,0,0,0,0
21.869,3.14,0,0,0,-3.05,-39.67,16.526,0,0,0,0.15,-85.77,16.656,3.11,42.35,13.901,0,0,0,0
21.962,3.14,0,0,0,-3.05,-39.13,16.526,0,0,0,0.15,-85.25,16.656,3.12,43.15,13.896,0,0,0,0
22.055,3.14,0,0,0,-3.05,-38.58,16.526,0,0,0,0.15,-84.71,16.656,3.12,43.96,13.889,0,0,0,0
22.147,3.14,0,0,0,-3.04,-38.02,16.526,0,0,0,0.16,-84.17,16.656,3.12,44.78,13.896,0,0,0,0
22.239,3.14,0,0,0,-3.04,-37.45,16.526,0,0,0,0.16,-83.61,16.656,3.13,45.61,13.897,0,0,0,0
22.331,3.14,0,0,0,-3.03,-36.87,16.526,0,0,0,0.17,-83.05,16.656,3.13,46.45,13.89,0,0,0,0
22.423,3.14,0,0,0,-3.03,-36.28,16.526,0,0,0,0.17,-82.48,16.656,3.14,47.3,13.891,0,0,0,0
22.511,3.14,0,0,0,-3.02,-35.69,16.526,0,0,0,0.18,-81.89,16.656,3.14,48.15,13.897,0,0,0,0
22.59,3.14,0,0,0,-3.01,-35.08,16.526,0,0,0,0.19,-81.3,16.656,3.15,49.02,13.891,0,0,0,0
22.648,3.14,0,0,0,-3.01,-34.47,16.526,0,0,0,0.19,-80.71,16.656,3.16,49.89,13.886,0,0,0,0
22.672,3.14,0,0,0,-3,-33.85,16.526,0,0,0,0.2,-80.11,16.657,3.16,50.77,13.898,0,0,0,0
22.658,3.14,0,0,0,-2.99,-33.24,16.526,0,0,0,0.21,-79.5,16.657,3.17,51.64,13.892,0,0,0,0
22.633,3.14,0,0,0,-2.99,-32.62,16.526,0,0,0,0.21,-78.9,16.657,3.18,52.52,13.885,0,0,0,0
22.605,3.14,0,0,0,-2.98,-32.01,16.526,0,0,0,0.22,-78.31,16.657,3.18,53.4,13.894,0,0,0,0
22.578,3.14,0,0,0,-2.97,-31.4,16.526,0,0,0,0.23,-77.71,16.657,3.19,54.26,13.893,0,0,0,0
22.55,3.14,0,0,0,-2.97,-30.8,16.526,0,0,0,0.23,-77.12,16.657,3.2,55.13,13.886,0,0,0,0
22.521,3.14,0,0,0,-2.96,-30.19,16.526,0,0,0,0.24,-76.53,16.657,3.21,56,13.889,0,0,0,0
22.492,3.14,0,0,0,-2.95,-29.59,16.526,0,0,0,0.25,-75.95,16.657,3.21,56.86,13.893,0,0,0,0
22.463,3.14,0,0,0,-2.95,-29,16.526,0,0,0,0.25,-75.37,16.657,3.22,57.72,13.892,0,0,0,0
22.433,3.14,0,0,0,-2.94,-28.4,16.526,0,0,0,0.26,-74.79,16.657,3.22,58.57,13.901,0,0,0,0
22.404,3.14,0,0,0,-2.94,-27.81,16.526,0,0,0,0.26,-74.21,16.657,3.23,59.42,13.894,0,0,0,0
22.375,3.14,0,0,0,-2.93,-27.22,16.526,0,0,0,0.27,-73.64,16.657,3.23,60.27,13.888,0,0,0,0
22.345,3.14,0,0,0,-2.93,-26.64,16.526,0,0,0,0.27,-73.06,16.657,3.24,61.12,13.9,0,0,0,0
22.316,3.14,0,0,0,-2.92,-26.05,16.526,0,0,0,0.28,-72.5,16.657,3.24,61.96,13.895,0,0,0,0
22.287,3.14,0,0,0,-2.92,-25.47,16.526,0,0,0,0.28,-71.93,16.657,3.25,62.8,13.889,0,0,0,0
22.257,3.14,0,0,0,-2.91,-24.9,16.526,0,0,0,0.29,-71.37,16.657,3.25,63.64,13.895,0,0,0,0
22.228,3.14,0,0,0,-2.91,-24.32,16.526,0,0,0,0.29,-70.81,16.657,3.26,64.47,13.896,0,0,0,0
22.199,3.14,0,0,0,-2.9,-23.75,16.526,0,0,0,0.3,-70.25,16.657,3.26,65.3,13.889,0,0,0,0
22.17,3.14,0,0,0,-2.9,-23.19,16.526,0,0,0,0.3,-69.7,16.657,3.27,66.13,13.89,0,0,0,0
22.141,3.14,0,0,0,-2.9,-22.62,16.526,0,0,0,0.3,-69.15,16.657,3.27,66.96,13.897,0,0,0,0
22.112,3.14,0,0,0,-2.89,-22.06,16.526,0,0,0,0.31,-68.6,16.657,3.27,67.78,13.89,0,0,0,0
22.084,3.14,0,0,0,-2.89,-21.5,16.526,0,0,0,0.31,-68.06,16.657,3.28,68.6,13.886,0,0,0,0
22.056,3.14,0,0,0,-2.88,-20.94,16.526,0,0,0,0.31,-67.52,16.657,3.28,69.42,13.898,0,0,0,0
22.029,3.14,0,0,0,-2.88,-20.39,16.526,0,0,0,0.31,-66.98,16.657,3.28,70.24,13.891,0,0,0,0
22.003,3.14,0,0,0,-2.88,-19.84,16.526,0,0,0,0.31,-66.44,16.658,3.28,71.05,13.884,0,0,0,0
21.981,3.14,0,0,0,-2.89,-19.29,16.526,0,0,0,0.31,-65.91,16.658,3.28,71.86,13.893,0,0,0,0
21.967,3.14,0,0,0,-2.89,-18.74,16.526,0,0,0,0.31,-65.37,16.658,3.28,72.67,13.892,0,0,0,0
21.961,3.14,0,0,0,-2.89,-18.2,16.526,0,0,0,0.31,-64.84,16.658,3.28,73.48,13.885,0,0,0,0
21.965,3.14,0,0,0,-2.89,-17.65,16.526,0,0,0,0.31,-64.31,16.658,3.27,74.29,13.888,0,0,0,0
21.977,3.14,0,0,0,-2.89,-17.1,16.526,0,0,0,0.31,-63.78,16.658,3.27,75.09,13.893,0,0,0,0
21.999,3.14,0,0,0,-2.89,-16.55,16.526,0,0,0,0.31,-63.25,16.658,3.27,75.9,13.892,0,0,0,0
22.026,3.14,0,0,0,-2.9,-16,16.526,0,0,0,0.3,-62.71,16.658,3.27,76.71,13.9,0,0,0,0
22.059,3.14,0,0,0,-2.9,-15.45,16.526,0,0,0,0.3,-62.17,16.658,3.27,77.53,13.894,0,0,0,0
22.095,3.14,0,0,0,-2.9,-14.89,16.526,0,0,0,0.3,-61.63,16.658,3.27,78.35,13.887,0,0,0,0
22.135,3.14,0,0,0,-2.9,-14.33,16.526,0,0,0,0.3,-61.08,16.658,3.26,79.17,13.899,0,0,0,0
22.175,3.14,0,0,0,-2.91,-13.77,16.526,0,0,0,0.29,-60.53,16.658,3.26,79.99,13.895,0,0,0,0
22.216,3.14,0,0,0,-2.91,-13.2,16.526,0,0,0,0.29,-59.98,16.658,3.25,80.82,13.888,0,0,0,0
22.257,3.14,0,0,0,-2.92,-12.62,16.526,0,0,0,0.28,-59.42,16.658,3.24,81.66,13.895,0,0,0,0
22.298,3.14,0,0,0,-2.93,-12.05,16.526,0,0,0,0.27,-58.85,16.658,3.23,82.49,13.895,0,0,0,0
22.339,3.14,0,0,0,-2.94,-11.46,16.526,0,0,0,0.26,-58.29,16.658,3.22,83.34,13.889,0,0,0,0
22.379,3.14,0,0,0,-2.96,-10.88,16.526,0,0,0,0.24,-57.72,16.658,3.21,84.19,13.89,0,0,0,0
22.417,3.14,0,0,0,-2.97,-10.29,16.526,0,0,0,0.23,-57.14,16.658,3.2,85.04,13.896,0,0,0,0
22.453,3.14,0,0,0,-2.98,-9.7,16.526,0,0,0,0.22,-56.56,16.658,3.18,85.89,13.89,0,0,0,0
22.483,3.14,0,0,0,-2.99,-9.1,16.526,0,0,0,0.21,-55.98,16.658,3.17,86.75,13.885,0,0,0,0
22.506,3.14,0,0,0,-3.01,-8.5,16.526,0,0,0,0.19,-55.4,16.658,3.16,87.61,13.897,0,0,0,0
22.516,3.14,0,0,0,-3.02,-7.9,16.526,0,0,0,0.18,-54.81,16.658,3.15,88.47,13.891,0,0,0,0
22.515,3.14,0,0,0,-3.03,-7.3,16.526,0,0,0,0.17,-54.22,16.658,3.14,89.33,13.884,0,0,0,0
22.502,3.14,0,0,0,-3.04,-6.7,16.526,0,0,0,0.16,-53.64,16.658,3.13,90.2,13.892,0,0,0,0
22.479,3.14,0,0,0,-3.05,-6.1,16.526,0,0,0,0.15,-53.05,16.658,3.12,91.06,13.891,0,0,0,0
22.452,3.14,0,0,0,-3.06,-5.5,16.526,0,0,0,0.14,-52.47,16.658,3.11,91.91,13.896,0,0,0,0
22.425,3.14,0,0,0,-3.07,-4.91,16.526,0,0,0,0.13,-51.89,16.658,3.1,92.77,13.899,0,0,0,0
22.397,3.14,0,0,0,-3.08,-4.32,16.526,0,0,0,0.12,-51.32,16.658,3.09,93.62,13.892,0,0,0,0
22.369,3.14,0,0,0,-3.08,-3.73,16.526,0,0,0,0.11,-50.75,16.655,3.08,94.47,13.891,0,0,0,0
22.34,3.14,0,0,0,-3.09,-3.15,16.526,0,0,0,0.11,-50.17,16.646,3.07,95.31,13.9,0,0,0,0
22.311,3.14,0,0,0,-3.1,-2.56,16.526,0,0,0,0.1,-49.61,16.646,3.06,96.15,13.893,0,0,0,0
22.282,3.14,0,0,0,-3.11,-1.99,16.526,0,0,0,0.09,-49.04,16.646,3.05,96.99,13.886,0,0,0,5
22.253,3.14,0,0,0,-3.12,-1.41,16.526,0,0,0,0.08,-48.48,16.646,3.05,97.83,13.899,0,0,0,5
22.224,3.14,0,0,0,-3.13,-0.84,16.526,0,0,0,0.07,-47.92,16.646,3.04,98.66,13.894,0,0,0,5
22.195,3.14,0,0,0,-3.14,-0.27,16.526,0,0,0,0.06,-47.37,16.646,3.03,99.49,13.887,0,0,0,5
22.165,3.14,-3.16,-27.67,16.526,0,0,0,0,0,0,0.04,-46.81,16.647,0,0,0,0,0,0,5
22.135,3.13,-3.19,-29.35,16.526,0,0,0,0,0,0,0.01,-46.26,16.647,0,0,0,0,0,0,5
22.106,3.12,-3.23,-31.04,16.526,0,0,0,0,0,0,-0.03,-45.72,16.647,0,0,0,0,0,0,5
22.076,3.12,-3.29,-32.75,16.526,0,0,0,0,0,0,-0.09,-45.18,16.647,0,0,0,0,0,0,5
22.046,3.11,-3.37,-34.48,16.526,0,0,0,0,0,0,-0.17,-44.64,16.647,0,0,0,0,0,0,5
22.016,3.1,-3.46,-36.22,16.526,0,0,0,0,0,0,-0.26,-44.1,16.647,0,0,0,0,0,0,5
21.986,3.09,-3.57,-37.98,16.526,0,0,0,0,0,0,-0.37,-43.57,16.647,0,0,0,0,0,0,5
21.956,3.09,-3.69,-39.76,16.526,0,0,0,0,0,0,-0.49,-43.04,16.647,0,0,0,0,0,0,5
21.927,3.08,-3.83,-41.54,16.526,0,0,0,0,0,0,-0.63,-42.52,16.647,0,0,0,0,0,0,5
21.897,3.08,-3.96,-43.33,16.526,0,0,0,0,0,0,-0.77,-42,16.647,0,0,0,0,0,0,5
21.868,3.08,-4.11,-45.12,16.526,0,0,0,0,0,0,-0.91,-41.48,16.647,0,0,0,0,0,0,5
21.838,3.07,-4.25,-46.92,16.526,0,0,0,0,0,0,-1.05,-40.96,16.647,0,0,0,0,0,0,5
21.809,3.07,-4.4,-48.71,16.526,0,0,0,0,0,0,-1.2,-40.45,16.648,0,0,0,0,0,0,5
21.779,3.07,-4.54,-50.51,16.526,0,0,0,0,0,0,-1.34,-39.94,16.648,0,0,0,0,0,0,5
21.75,3.07,-4.69,-52.31,16.526,0,0,0,0,0,0,-1.49,-39.43,16.648,0,0,0,0,0,0,5
21.721,3.07,0,0,0,-1.63,-38.93,16.648,0,0,0,0,0,0,0,0,0,0,0,0,5
21.692,3.08,0,0,0,-1.78,-38.43,16.648,0,0,0,0,0,0,0,0,0,0,0,0,5
21.663,3.08,0,0,0,-1.92,-37.93,16.648,0,0,0,0,0,0,0,0,0,0,0,0,5
21.633,3.08,0,0,0,-2.06,-37.44,16.648,0,0,0,0,0,0,0,0,0,0,0,0,5
21.604,3.08,0,0,0,-2.2,-36.94,16.648,0,0,0,0,0,0,0,0,0,0,0,0,5
21.575,3.08,0,0,0,-2.33,-36.45,16.649,0,0,0,0,0,0,0,0,0,0,0,0,5
21.547,3.08,0,0,0,-2.46,-35.97,16.649,0,0,0,0,0,0,0,0,0,0,0,0,5
21.518,3.08,0,0,0,-2.59,-35.48,16.649,0,0,0,0,0,0,0,0,0,0,0,0,5
21.489,3.09,0,0,0,-2.71,-35,16.649,0,0,0,0,0,0,0,0,0,0,0,0,5
21.46,3.09,0,0,0,-2.82,-34.52,16.649,0,0,0,0,0,0,0,0,0,0,0,0,5
21.431,3.09,0,0,0,-2.92,-34.04,16.649,0,0,0,0,0,0,0,0,0,0,0,0,5
21.403,3.1,0,0,0,-3.01,-33.57,16.649,0,0,0,0,0,0,0,0,0,0,0,0,5
21.374,3.1,0,0,0,-3.1,-33.1,16.649,0,0,0,0,0,0,0,0,0,0,0,0,5
21.345,3.11,0,0,0,-3.16,-32.63,16.65,0,0,0,0,0,0,0,0,0,0,0,0,5
21.317,3.11,0,0,0,-3.22,-32.16,16.65,0,0,0,0,0,0,0,0,0,0,0,0,5
21.289,3.12,0,0,0,-3.26,-31.7,16.65,0,0,0,0,0,0,0,0,0,0,0,0,5
21.261,3.13,0,0,0,-3.29,-31.23,16.65,0,0,0,0,0,0,0,0,0,0,0,0,5
21.233,3.13,0,0,0,-3.31,-30.78,16.65,0,0,0,0,0,0,0,0,0,0,0,0,5
21.206,3.14,0,0,0,-3.31,-30.32,16.65,0,0,0,0,0,0,0,0,0,0,0,0,5
21.178,3.14,0,0,0,-3.31,-29.87,16.65,0,0,0,0,0,0,0,0,0,0,0,0,0
21.153,3.15,0,0,0,-3.3,-29.41,16.65,0,0,0,0,0,0,0,0,0,0,0,0,0
21.172,3.15,0,0,0,-3.29,-28.96,16.65,0,0,0,0,0,0,0,0,0,0,0,0,0
21.242,3.15,0,0,0,-3.27,-28.51,16.65,0,0,0,0,0,0,0,0,0,0,0,0,0
21.331,3.15,0,0,0,-3.25,-28.04,16.65,0,0,0,0,0,0,0,0,0,0,0,0,0
21.425,3.15,0,0,0,-3.23,-27.57,16.65,0,0,0,0,0,0,0,0,0,0,0,0,0
21.519,3.15,0,0,0,-3.21,-27.09,16.651,0,0,0,0,0,0,0,0,0,0,0,0,0
21.613,3.15,0,0,0,-3.19,-26.6,16.651,0,0,0,0,0,0,0,0,0,0,0,0,0
21.706,3.15,0,0,0,-3.17,-26.1,16.651,0,0,0,0,0,0,0,0,0,0,0,0,0
21.8,3.15,0,0,0,-3.15,-25.59,16.651,0,0,0,0,0,0,0,0,0,0,0,0,0
21.893,3.15,0,0,0,-3.13,-25.07,16.651,0,0,0,0,0,0,0,0,0,0,0,0,0
21.986,3.15,0,0,0,-3.12,-24.54,16.651,0,0,0,0,0,0,0,0,0,0,0,0,0
22.079,3.15,0,0,0,-3.1,-24,16.651,0,0,0,0,0,0,0,0,0,0,0,0,0
22.171,3.15,0,0,0,-3.09,-23.45,16.651,0,0,0,0,0,0,0,0,0,0,0,0,0
22.263,3.15,0,0,0,-3.08,-22.9,16.651,0,0,0,0,0,0,0,0,0,0,0,0,0
22.355,3.15,0,0,0,-3.07,-22.33,16.651,0,0,0,0,0,0,0,0,0,0,0,0,0
22.446,3.15,0,0,0,-3.07,-21.76,16.651,0,0,0,0,0,0,0,0,0,0,0,0,0
22.533,3.14,0,0,0,-3.06,-21.17,16.651,0,0,0,0,0,0,0,0,0,0,0,0,0
22.607,3.14,0,0,0,-3.05,-20.58,16.651,0,0,0,0,0,0,0,0,0,0,0,0,0
22.658,3.14,0,0,0,-3.05,-19.98,16.652,0,0,0,0,0,0,0,0,0,0,0,0,0
22.671,3.14,0,0,0,-3.05,-19.38,16.652,0,0,0,0,0,0,0,0,0,0,0,0,0
22.652,3.14,0,0,0,-3.06,-18.78,16.652,0,0,0,0,0,0,0,0,0,0,0,0,0
22.625,3.14,0,0,0,-3.06,-18.18,16.652,0,0,0,0,0,0,0,0,0,0,0,0,0
22.598,3.14,0,0,0,-3.07,-17.58,16.652,0,0,0,0,0,0,0,0,0,0,0,0,0
22.57,3.14,0,0,0,-3.07,-16.99,16.652,0,0,0,0,0,0,0,0,0,0,0,0,0
22.542,3.14,0,0,0,-3.08,-16.4,16.652,0,0,0,0,0,0,0,0,0,0,0,0,0
22.513,3.14,0,0,0,-3.09,-15.81,16.652,0,0,0,0,0,0,0,0,0,0,0,0,0
22.484,3.14,0,0,0,-3.1,-15.23,16.652,0,0,0,0,0,0,0,0,0,0,0,0,0
22.454,3.14,0,0,0,-3.1,-14.65,16.652,0,0,0,0,0,0,0,0,0,0,0,0,0
22.425,3.14,0,0,0,-3.11,-14.07,16.652,0,0,0,0,0,0,0,0,0,0,0,0,0
22.396,3.14,0,0,0,-3.12,-13.49,16.652,0,0,0,0,0,0,0,0,0,0,0,0,0
22.366,3.14,0,0,0,-3.13,-12.92,16.652,0,0,0,0,0,0,0,0,0,0,0,0,0
22.337,3.14,0,0,0,-3.14,-12.35,16.652,0,0,0,0,0,0,0,0,0,0,0,0,0
22.307,3.14,0,0,0,-3.14,-11.78,16.652,0,0,0,0,0,0,0,0,0,0,0,0,0
22.278,3.14,0,0,0,-3.15,-11.22,16.653,0,0,0,0,0,0,0,0,0,0,0,0,0
22.249,3.14,0,0,0,-3.16,-10.65,16.653,0,0,0,0,0,0,0,0,0,0,0,0,0
22.22,3.14,0,0,0,-3.17,-10.1,16.653,0,0,0,0,0,0,0,0,0,0,0,0,0
22.19,3.14,0,0,0,-3.18,-9.54,16.653,0,0,0,0,0,0,0,0,0,0,0,0,0
22.161,3.14,0,0,0,-3.18,-8.99,16.653,0,0,0,0,0,0,0,0,0,0,0,0,0
22.132,3.14,0,0,0,-3.19,-8.44,16.653,0,0,0,0,0,0,0,0,0,0,0,0,0
22.103,3.14,0,0,0,-3.2,-7.89,16.653,0,0,0,0,0,0,0,0,0,0,0,0,0
22.075,3.14,0,0,0,-3.21,-7.35,16.653,0,0,0,0,0,0,0,0,0,0,0,0,0
22.047,3.14,0,0,0,-3.21,-6.81,16.653,0,0,0,0,0,0,0,0,0,0,0,0,0
22.02,3.14,0,0,0,-3.22,-6.27,16.653,0,0,0,0,0,0,0,0,0,0,0,0,0
21.995,3.14,0,0,0,-3.23,-5.73,16.653,0,0,0,0,0,0,0,0,0,0,0,0,0
21.975,3.14,0,0,0,-3.23,-5.2,16.653,0,0,0,0,0,0,0,0,0,0,0,0,0
21.964,3.14,0,0,0,-3.24,-4.67,16.653,0,0,0,0,0,0,0,0,0,0,0,0,0
21.961,3.14,0,0,0,-3.25,-4.14,16.653,0,0,0,0,0,0,0,0,0,0,0,0,0
21.967,3.14,0,0,0,-3.25,-3.6,16.653,0,0,0,0,0,0,0,0,0,0,0,0,0
21.983,3.14,0,0,0,-3.26,-3.07,16.653,0,0,0,0,0,0,0,0,0,0,0,0,0
22.006,3.14,0,0,0,-3.26,-2.54,16.653,0,0,0,0,0,0,0,0,0,0,0,0,0
22.035,3.14,0,0,0,-3.27,-2,16.654,0,0,0,0,0,0,0,0,0,0,0,0,0
22.07,3.14,0,0,0,-3.27,-1.46,16.654,0,0,0,0,0,0,0,0,0,0,0,0,0
22.108,3.14,0,0,0,-3.27,-0.92,16.654,0,0,0,0,0,0,0,0,0,0,0,0,0
22.148,3.14,0,0,0,-3.28,-0.37,16.654,0,0,0,0,0,0,0,0,0,0,0,0,0
22.188,3.14,-3.28,-226.29,16.654,-3.48,-32.54,16.665,0,0,0,0,0,0,0,0,0,0,0,0,0
22.229,3.14,-3.28,-227.96,16.654,-3.48,-31.98,16.668,0,0,0,0,0,0,0,0,0,0,0,0,0
22.27,3.14,-3.29,-229.62,16.654,-3.49,-31.42,16.665,0,0,0,0,0,0,0,0,0,0,0,0,0
22.311,3.14,-3.29,-231.29,16.654,-3.49,-30.86,16.66,0,0,0,0,0,0,0,0,0,0,0,0,0
22.352,3.14,-3.29,-232.96,16.654,-3.49,-30.29,16.662,0,0,0,0,0,0,0,0,0,0,0,0,0
22.392,3.14,-3.29,-234.63,16.654,-3.49,-29.72,16.664,0,0,0,0,0,0,0,0,0,0,0,0,0
22.43,3.14,-3.3,-236.29,16.654,-3.5,-29.14,16.666,0,0,0,0,0,0,0,0,0,0,0,0,0
22.464,3.14,-3.3,-237.96,16.654,-3.5,-28.56,16.668,0,0,0,0,0,0,0,0,0,0,0,0,0
